Pr0104B51880   696   920   984  1111  1427  1234  1454  1327  1042  1483
Pr0104B51890  1293  1199  1046  1073  1267  1108  1297  1046  1110  1446
Pr0104B51900  1560  1590  1152  1151  1430  1796  1548  1103  1445  1413
Pr0104B51910  1286  1599  1801  1777  1872  2284  2225  1635  1887  1226
Pr0104B51920   785   817  1083   710   966   646   683   695   916  1108
Pr0104B51930  1236  1142  1205  1330  1174  1270   952   825   667   667
Pr0104B51940   635   825   952  1143  1175  1015  1203   855   793   952
Pr0104B51950   984  1206  1204  1332  1458  1584  1461  1173  1206  1429
Pr0104B51960   952   984   889   763   729  1238  1014   602   602   856
Pr0104B51970   758   948   854   569   508   440   506   569   720   878
Pr0104B51980   973   722   723   629   850  1228  1103   909   916   821
Pr0104B51990   884   852   820   682   782   779   777   652   687   938
Pr0104B52000   972  1131  1255  1251  1260  1008  1257  1114  1333  1847
Pr0104B52010  1797  1392 -9999
Pr0105 51780   342   974  1640   744  1158  1754  1483  1137   907  1017
Pr0105 51790   990   853   774   750   456   581   493   293   208   299
Pr0105 51800   495   383   337   680   564   714   522   737   404   425
Pr0105 51810   244   550   412   541   564   570   589   794   648   755
Pr0105 51820   418   418   437   653   482   421   452   648   478   396
Pr0105 51830   569   519   282   315   485   306   293   262   130   232
Pr0105 51840   261   174   203   294   325   350   438   177   527   134
Pr0105 51850   245   263   464   471   856   701  1129   825   530   800
Pr0105 51860   387   388   361   454   396   780  1392  1877  1182   980
Pr0105 51870  1017   927  1210  1495  1547  1569  1398  1603  2420  2180
Pr0105 51880  2369  1909  1634  1701  1801  1823  1778  1381  1228  1467
Pr0105 51890  1503  1318  2133  1912  1945  1695  2354  1517  1518  1551
Pr0105 51900  1674  1485  1168  1045  1427  1428  1555  1174  1238  1111
Pr0105 51910  1048  1142  1174  1460  1397  1809  2507  2254  1839  1363
Pr0105 51920  1047   857   889   794  1016  1016   698   921  1143  1079
Pr0105 51930  1269  1236  1555  1808  1586  1492  1238  1173  1046  1077
Pr0105 51940   792   734   787   728   822   915   882   914   756   693
Pr0105 51950   851   918  1077  1268  1078  1363  1171  1138  1578  1671
Pr0105 51960  1104  1231   881   878  1030  1375  1060   773   557   557
Pr0105 51970   402   462   488   397   429   307   279   279   400   520
Pr0105 51980   427   398   306   275   369   367   489   427   337   337
Pr0105 51990   397   338   337   337   338   338   339   273   343   371
Pr0105 52000   403   467   468   439   502   471   440   410   410   379
Pr0105 52010   379   348 -9999
Pr0106  1824   476   849  1005  1151   984  1140
Pr0106  1830  1486  1516   975  1313  1493  1491  1301  1389  1021   571
Pr0106  1840   603   689   643  1174  1459  1554  1363   216   896   754
Pr0106  1850   980  1045  1143   856   508   635   667   389   403   920
Pr0106  1860   698   984   952  1174  1205  1427  1870  1933   919  1204
Pr0106  1870  1012   949  1009   915   787   598   722   631   949   918
Pr0106  1880  1171  1203  1204  1013  1170  1106   853   854   568  1009
Pr0106  1890   972   765   984   952   919   570   949   601   885  1043
Pr0106  1900   755   618   689   660   759   728   918   697   887   507
Pr0106  1910   444   475   697   793   634   634   793   856  1071   634
Pr0106  1920   666   634   570   603   667   609   470   666   790   793
Pr0106  1930   627   788   944  1159  1015   802   555   524   647   492
Pr0106  1940   366   430   587   371   405   588   590   747   594   721
Pr0106  1950   568   786   850   789  1011  1079   730   444   666   855
Pr0106  1960   800   628   345   348   693   720   687   499   467   526
Pr0106  1970   312   470   376   314   376   411   346   500   596   438
Pr0106  1980   687   592   563   407   721   941   753   758   663   663
Pr0106  1990   759   726   790   630   787   693   721   629   783   841
Pr0106  2000   807  1114  1116  1105  1076   555   495   588   549   455
Pr0106  2010   482   564 -9999
Pr0107 71757  2350  2255  2684
Pr0107 71760  2645  1972  1571  2287  2504  2475  2144  1963  2126  1936
Pr0107 71770  2161  1853  1507  1597  1934  2102  1448  1319  1252  1192
Pr0107 71780   904  1347  1687  1217  2048  2026  1425  1833  1651  1675
Pr0107 71790  1506  1539  1333  1746  1556  1618  1936  1775  1679  1188
Pr0107 71800  1175  1903  2411  1512  1325  1122  1428  1819  1456  1301
Pr0107 71810  1315   980  1832  2080  1942  2035  2229  2188  1739  2366
Pr0107 71820  1554  1274  1248  1530  1415  1699  1824  2076  2549  2292
Pr0107 71830  2382  1886  1758  1699  1863  1673  1514  1512  1070  1004
Pr0107 71840   722   694   941  1257  1294  1008  1169   947  1607  1384
Pr0107 71850  2014  1922  2661  3226  2660  1961  2082  1796  1679  1397
Pr0107 71860  1519  1488   598   713  1010  1290  1279  1633   932  1119
Pr0107 71870  1149  1004   724   377   344   313   375   374   470   471
Pr0107 71880   626   747   782   870  1062  1092   719   693   561   872
Pr0107 71890  1188  1191  1323  1693  1549  1451  1474   996  1002  1296
Pr0107 71900  1358  1283  1187  1026  1143  1169  1348  1026  1237  1246
Pr0107 71910   814   974  1068  1637  1325  1349   904   957  1474  1190
Pr0107 71920  1025   508   713   655   628   534   660   599   665   634
Pr0107 71930   823   982  1455  1417  1447  1192  1000  1241   862   781
Pr0107 71940   594   849   750   716   852  1173   890   760   633   663
Pr0107 71950   790   916   908   874  1059  1068  1104   945   824  1065
Pr0107 71960   941   909   625   688   968  1001   814   658   407   375
Pr0107 71970   313   694   472   380   412   412   316   474   537   757
Pr0107 71980   756   756   725   567   505   855   761   634   697   538
Pr0107 71990   665   665   633   506   540   540   507   603   634   634
Pr0107 72000   761   794   794   698   666   635   476   508   476   476
Pr0107 72010   476   540 -9999
Pr0108 61745  2125  3923  1458  1520  1456
Pr0108 61750  2246  2586  2275  2234  2498  3034  2851  2374  2507  3158
Pr0108 61760  2501  2286  2001  2483  2325  1958  1921  1994  2024  2508
Pr0108 61770  1714  1681  2086  2787  2903  2566  1520  1722  1896  1889
Pr0108 61780  2210  1942  2981  1966  3371  3382  2273  2679  2515  2260
Pr0108 61790  2273  2636  2458  3095  4400  3200  2847  2843  1775  1587
Pr0108 61800  1871  1922  2112  1561  1317  1596  1362  2468  2180  1541
Pr0108 61810  1891  2398  2374  1997  1555  1809  1679  2289  1965  2024
Pr0108 61820  1579  1451  1191  1461  1576  1759  1737  2948  2812  2793
Pr0108 61830  2507  2221  2064  2284  2855  1873  1445  1682  1527  1705
Pr0108 61840  1107  1010  1068  1286  1380  1314   904   405   436   406
Pr0108 61850   534   694   982  1111  1363  1517  1548  1709  1672  1678
Pr0108 61860  1268   983  1506  1854  1708  2341  3074  1806   918   952
Pr0108 61870   826   635   603   730   635   429   460   730   921   952
Pr0108 61880  1143   983   785   687   836   751   503   440   486   550
Pr0108 61890   724   567   663   663   410   506   729   507   729   476
Pr0108 61900   413   443   601   786   689   661   661   535   724   629
Pr0108 61910   598   629   915   883   914  1194  1735  1352  1265   887
Pr0108 61920   587   396   348   253   286   428   333   365   492   444
Pr0108 61930   602   760  1013  1043   885   790   537   379   459   427
Pr0108 61940   412   444   730   666  1174  1551  1260  1330  1178   994
Pr0108 61950   809   995   947   830   783   884   663   570   952  1015
Pr0108 61960   760   824   822   585   518   904   810   835   745   829
Pr0108 61970   425   474   379   285   317   349   316   460   523   603
Pr0108 61980   667   603   476   381   603   984   883   503   566   470
Pr0108 61990   373   374   438   438   515   453   375   438   566   598
Pr0108 62000   568   442   537   380   395   428   412   507   364   349
Pr0108 62010   333   349 -9999
Pr0115 41767  4691  3080  2642
Pr0115 41770  2633  2289  2689  2943  2366  2183  1069  1009  1383  1384
Pr0115 41780  1156  1570  1643  1006  1984  1613  1465  1269   997   851
Pr0115 41790  1037  1252   830   773   716   991  1127   848   565   691
Pr0115 41800   940  1319  1616  1142   974   981  1076  1076   760   538
Pr0115 41810   666   698  1111  1236  1208  1111   920   793   539   476
Pr0115 41820   317   444   507   665   728   696   980  1296  1329  1234
Pr0115 41830  1296  1389  1010   758   980   854   570   760   507   316
Pr0115 41840   442   316   537   823   854   915   790   664  1016   698
Pr0115 41850   889   698   825   889   570   570   697   727   630   996
Pr0115 41860   773   494   465   716   871   809  1370  1030   563   658
Pr0115 41870   626   563   595   501   439   440   440   692   691   595
Pr0115 41880   720   563   686   624   655   626   502   345   282   376
Pr0115 41890   376   344   345   377   282   220   409   252   410   441
Pr0115 41900   410   410   535   504   501   252   315   284   410   221
Pr0115 41910   316   410   444   633   537   631   758   694   916   569
Pr0115 41920   411   443   601   506   633   506   442   411   443   442
Pr0115 41930   568   567   788  1006   787   661   441   410   441   441
Pr0115 41940   377   377   597   597   691   597   754   876   718   593
Pr0115 41950   907  1129  1038   974   943  1225  1040  1135  1073  1424
Pr0115 41960   857   921   571   571   920  1174  1143   603   444   380
Pr0115 41970   412   539   571   665   728   792   761   730   888   793
Pr0115 41980   603   602   539   380   507   539   539   460   428   349
Pr0115 41990   254   254   285   348   348   284   189   157   221   316
Pr0115 42000   443   444   380   349   253   127   220   222   127   158
Pr0115 42010   158   142 -9999
Pr0116 61764  3552  2379  2588  2601  3123  3566
Pr0116 61770  3502  2881  2324  2580  2834  3503  2277  2054  2079  2064
Pr0116 61780  2344  2216  2240  2014  2624  1979  1396  1442  1711  2521
Pr0116 61790  2203  1522  1430  2086  1808  1554  1121  1061   964   809
Pr0116 61800   493   682   706   707   768   949   971   981   885   752
Pr0116 61810   659   531   932   851   838  1081  1142  1200   948   982
Pr0116 61820   697   507   856   825   602   412   603   698   762   682
Pr0116 61830   826   935  1028  1209  1440  1118   873   712   712   622
Pr0116 61840   695   420   499   688   724   756   696   568  1108   753
Pr0116 61850   817   808  1124  1139  1138  1012  1264   981   855   948
Pr0116 61860   884   853   568   568   507   566   629   630   518   550
Pr0116 61870   681   649   649   635   514   384   504   435   473   450
Pr0116 61880   459   375   407   314   378   400   232   317   222   243
Pr0116 61890   312   238   253   317   317   285   317   285   348   349
Pr0116 61900   381   254   333   396   540   413   317   275   424   413
Pr0116 61910   349   254   286   349   317   349   348   412   539   476
Pr0116 61920   317   222   286   317   381   317   286   317   444   286
Pr0116 61930   317   349   286   508   349   413   286   286   190   206
Pr0116 61940   143   222   190   191   143   143   159   270   206   286
Pr0116 61950   286   254   222   190   190   222   190   238   206   254
Pr0116 61960   222   222   286   254   285   349   380   317   349   285
Pr0116 61970   317   348   348   379   284   284   284   252   346   346
Pr0116 61980   377   252   346   252   189   345   251   220   283   219
Pr0116 61990   250   249   218   280   311   249   218   249   311   311
Pr0116 62000   342   249   312   281   343   187   251   219   187   250
Pr0116 62010   343   373 -9999
Pr0119 61751  3234  3108  2862  3198  3262  3854  2285  2817  3130
Pr0119 61760  2871  3552  2476  3176  3292  2485  1532  1838  2478  1935
Pr0119 61770  2563  1689  2103  2574  2262  1797  1213  1597  1967  1558
Pr0119 61780  1448  1623  1827  1274  1916  1848  1736  1878  1360  1899
Pr0119 61790  2062  1914  1084  1394  1659  1110  1095  1320  1356  1864
Pr0119 61800   979  1200  1547  1073  1104  1075  1148  1256   943   748
Pr0119 61810  1030   759  1008  1292  1390  1391  1772  1490  1172  1489
Pr0119 61820   792   700   838   832   942  1004  1289  1474  1693  1501
Pr0119 61830  1736  1512  1165   973  1511  1189   871   714   653   654
Pr0119 61840   594   532   782   844   962   958   619   372   584   522
Pr0119 61850   494   576   524   645   555   682   776   587   706  1029
Pr0119 61860   657   625   407   591   562   786   817   693   268   333
Pr0119 61870   379   221   237   301   254   175   175   191   349   175
Pr0119 61880   253   349   333   412   255   364   301   381   289   378
Pr0119 61890   350   285   254   254   318   286   492   190   413   428
Pr0119 61900   302   254   286   333   349   286   254   492   429   206
Pr0119 61910   206   238   254   254   366   349   428   302   285   254
Pr0119 61920   254   206   222   159   206   175   190   254   254   254
Pr0119 61930   286   270   492   397   413   444   397   302   270   301
Pr0119 61940   301   286   270   254   191   380   412   587   524   555
Pr0119 61950   635   698   650   746   809   984  1302   980  1013   943
Pr0119 61960   757   894   863   719   815   876   753   578   671   374
Pr0119 61970   661   721   822   728   728   603   667   762   571   856
Pr0119 61980   823   887   762   667   698   715   745   762   635   508
Pr0119 61990   556   494   474   491   682   539   603   636   539   476
Pr0119 62000   508   730   730   666   635   327   402   507   570   759
Pr0119 62010   664   601 -9999
Pr0121 61758  2022  2116
Pr0121 61760  1654  2311  1487  3147  3238  2994  2536  2329  2059  1848
Pr0121 61770  1825  1998  1688  2215  2056  2069   891   877  1579   990
Pr0121 61780  1165  1701  2496  2111  3108  3676  2203  2458  2581  2917
Pr0121 61790  3648  3478  2279  2386  2341  2075  2112  1834  1704  1780
Pr0121 61800  1380  2205  1978  1383  1266  1387  1560  1770  1044   607
Pr0121 61810   632  1228  1645  1520  1584  1586  1619  1871  1302  1206
Pr0121 61820   729   665  1072  1152   978   901  1122  1308  1289   980
Pr0121 61830  1280  1297   784  1180  1280  1093   840  1023   744   499
Pr0121 61840   446   343   530   471   377   488   647   443  1135   638
Pr0121 61850   645   704   752   878   625   714   772   723   576   827
Pr0121 61860   861   649   373   374   312   436   438   503   285   282
Pr0121 61870   314   316   314   520   616   570   634   855   761   888
Pr0121 61880  1143   888  1109  1080   783   980   727   601   442   536
Pr0121 61890   631   662   821   727   859   883  1457   824  1537  1728
Pr0121 61900  1872  1460  1683  1873  1460  1016  1015   825   698   634
Pr0121 61910   571   475   571   855   666   916  1108   950  1206   921
Pr0121 61920  1143  1365  1587  1111   952   779   730   967   698   634
Pr0121 61930   665   728   918   983   760   569   380   507   381   286
Pr0121 61940   349   397   507   318   301   302   555   540   508   508
Pr0121 61950   444   571   476   635   603   667   508   540   476   508
Pr0121 61960   413   413   286   190   380   444   476   380   285   254
Pr0121 61970   380   222   444   349   317   238   222   365   381   270
Pr0121 61980   302   381   302   333   444   571   508   445   286   349
Pr0121 61990   476   429   428   461   397   492   365   302   397   540
Pr0121 62000   571   492   492   413   444   476   444   508   334   301
Pr0121 62010   444   381 -9999
Pr0122 61901  1954  2110  2096  2288  2689  1016   666   886   665
Pr0122 61910   539   761  1045  1238  1029  1599  2135  1911  1901  1562
Pr0122 61920  1251  1186  1375  1157  1503  1221  1099  1247  1492  1958
Pr0122 61930  2411  1841  2041  2273  1384  1261   661   724   662   659
Pr0122 61940   909  1103  1589  1372  1495  1586  1563  1533  1036  1040
Pr0122 61950   883  1170  1012   727  1135  1200   883   661   755   723
Pr0122 61960   661   818   726   470   781   909   973   691   503   567
Pr0122 61970   695   771   618   464   527   498   374   529   626   751
Pr0122 61980   870   715   585   677  1014  1170  1507  1106   678   834
Pr0122 61990   871   937  1270   952   920   854   918   728   697   790
Pr0122 62000   946  1010  1484  1268  1555  1047  1140  1389  1133  1196
Pr0122 62010  1390  1397 -9999
Pr0123 51747  4185  4456  5813
Pr0123 51750  5630  4781  3457  4740  4353  5302  6598  5887  3990  6990
Pr0123 51760  6580  4117  3188  5969  6213  4809  3436  3484  3201  4707
Pr0123 51770  3960  3222  2185  2966  2637  3756  1743  1490  2093  1138
Pr0123 51780  1078  2031  3102  2386  3149  3343  1438  1778  1490  2148
Pr0123 51790  2180  2419  2679  2752  1546  1324  1513  1574  1510  1505
Pr0123 51800  1115  1704  2193  1764  1003  1252  1317  1419   973   868
Pr0123 51810   974   564  1003  1067  1246  1414  1091   991   729  1140
Pr0123 51820   663   695   725   662   599   693   944  1044  1139   873
Pr0123 51830   927   989   780   924  1325   841   441   764   845   749
Pr0123 51840   758   389   790   853   854   728   663   285   633   538
Pr0123 51850   368   516   783   912   691   753   784   626   532   877
Pr0123 51860   721   601   411   726   662   850  1252  1369   686   782
Pr0123 51870   877   564   692   536   536   348   442   600   505   411
Pr0123 51880   506   379   472   597   566   471   501   533   251   597
Pr0123 51890   596   375   562   560   502   441   726   409   595   624
Pr0123 51900   844   593   562   563   437   375   438   281   375   250
Pr0123 51910   281   313   344   282   658   314   315   503   345   284
Pr0123 51920   286   360   270   284   284   221   189   221   221   348
Pr0123 51930   380   317   412   761   475   570   285   443   380   285
Pr0123 51940   317   317   380   254   222   381   381   381   286   317
Pr0123 51950   254   349   286   254   222   285   222   222   269   159
Pr0123 51960   112   285   191   254   254   444   381   254   232   318
Pr0123 51970   264   328   190   190   254   143   153   127   254   180
Pr0123 51980   222   317   254   317   222   222   317   222   190   127
Pr0123 51990   254   191   190   148   233   201   159   106   169   127
Pr0123 52000   106   212   201   101   122   117   158   169   233   169
Pr0123 52010   191   106 -9999
Pr0124 31765  1650  1885  2452  3028  2538
Pr0124 31770  1759  1761  1894  2096  2545  2213  1233  1463  1957  1601
Pr0124 31780  1717  2871  3941  2100  2874  2918  2599  2396  2000  2676
Pr0124 31790  2965  2023  1704  3215  2840  2155  2555  1916  1507  1189
Pr0124 31800  1678  2379  3049  1718  1357  1678  2039  2265  1425  1299
Pr0124 31810  1578  1378  1953  1395  1145  1397  1090  1194  1039  1164
Pr0124 31820   733   798  1046  1595  1467   975   850  1607  1585  1094
Pr0124 31830  1226  1293  1323  2055  1769  1710  1151  1560   876   848
Pr0124 31840  1322   630   758   853   727   598   783   658  1126   594
Pr0124 31850   875   905   966  1003   687   657   937  1062   714  1335
Pr0124 31860  1861  2412  1294  1487  1178  1438  1313  1140   593   855
Pr0124 31870   778   838   901   752   596   500   437   592   652   466
Pr0124 31880   652   589   835   920   882  1124   942   804   464   740
Pr0124 31890   743   524   645   707   707   736   947   581   766   791
Pr0124 31900   610   727   792   919   886   809   653   623   749   344
Pr0124 31910   503   502   530   656   315   594   501   502   719   656
Pr0124 31920   625   713   802   743   611   578   613   642   677   492
Pr0124 31930   572   447   745   631   571   455   389   475   356   413
Pr0124 31940   498   610   773   307   346   497   280   187   288   253
Pr0124 31950   248   407   326   354   381   522   526   524   834   769
Pr0124 31960   743   965   529   528   730   969   839   882   804  1191
Pr0124 31970   919  1059   816  1040  1358  1266  1769  1584  1329  1367
Pr0124 31980  1414   601   776   646   817  1156  1243   874   722   640
Pr0124 31990   803   602   729   650   710   633   631   685   869   868
Pr0124 32000  1018   780   961   932   818   549   454   895   589   618
Pr0124 32010   554   678 -9999
Pr0127 51767  1519  2059  1691
Pr0127 51770   330  2028   667  1000  1143   666   524   887   951  1140
Pr0127 51780  1013  1299  1830  1541  1942  1816  1449  1858  1605  1664
Pr0127 51790  1614  1504  1349  1382  1885  1563  2049  1707  1575  2095
Pr0127 51800  2085  2341  2698  2248  1708  1774  2375  2603  1858  1533
Pr0127 51810  1618  2065  2155  1990  1958  1871  1840  1650  1225  1473
Pr0127 51820  1130  1187  1333  1774  1584  1583  1586  2125  2375  1637
Pr0127 51830  2070  1831  1967  1904  2153  1965  1428  1903  1798  1617
Pr0127 51840  1791  1378  2221  2268  1545  1424  1395  1460  1714   917
Pr0127 51850  1237  1355  1138  1286  1259  1366  1607  1188  1149  1660
Pr0127 51860   910   974   855  1109   952  1079  1175  1238   381   920
Pr0127 51870  1014   729   728   569   412   317   317   712   427   347
Pr0127 51880   662   411   613   485   405   529   565   471   278   442
Pr0127 51890   471   345   254   380   348   316   442   297   381   614
Pr0127 51900   532   503   626   691   724   834   789   576   609   519
Pr0127 51910   514   879   815   781   537   684   804   804   953   710
Pr0127 51920   569   505   666   544   452   605   485   519   490   457
Pr0127 51930   454   422   447   718   601   509   329   541   423   303
Pr0127 51940   343   310   555   472   378   598   567   598   473   537
Pr0127 51950   538   632   630   567   761   602   760   918   886   762
Pr0127 51960   921   762   444   540   666  1259  1006   472   346   599
Pr0127 51970   442   505   504   472   441   157   283   389   550   409
Pr0127 51980   598   472   361   142   440   536   597   502   345   345
Pr0127 51990   437   406   376   410   378   379   253   316   253   444
Pr0127 52000   412   428   491   380   316   317   254   349   286   317
Pr0127 52010   412   413 -9999
Pr0128 61750  4017  3777  3093  4381  3492  4531  4909  3729  4180  4497
Pr0128 61760  4402  3707  2411  4064  5001  5636  4089  3332  4762  4000
Pr0128 61770  3016  2920  2601  2157  3219  2845  1423  1330  2308  1656
Pr0128 61780  1849  2389  3050  2325  3395  2855  1449  1824  1869  3084
Pr0128 61790  3259  1883  1204  1011  1210  1024  1338  1533  1481  1389
Pr0128 61800  1105  1391  1809  1300   951   824  1047  1141   983   761
Pr0128 61810   825   539   825   793   984   794   794   730   603   984
Pr0128 61820   507   760   632   696   600   662   697   730   730   475
Pr0128 61830   633   883   631   760   917   697   506   601   601   538
Pr0128 61840   524   254   333   507   602   507   443   380   664   410
Pr0128 61850   632   506   539   570   412   602   601   412   348   317
Pr0128 61860   285   381   317   254   222   412   508   540   254   444
Pr0128 61870   475   317   411   412   316   285   253   317   349   286
Pr0128 61880   412   286   381   381   317   349   380   317   254   286
Pr0128 61890   286   190   381   413   254   254   476   317   317   412
Pr0128 61900   413   270   397   382   413   237   302   222   413   286
Pr0128 61910   191   349   254   317   206   238   254   318   444   317
Pr0128 61920   397   270   302   302   317   222   127   190   190   349
Pr0128 61930   381   349   286   381   381   571   347   414   223   174
Pr0128 61940   254   332   301   302   349   317   348   444   222   317
Pr0128 61950   365   491   371   454   303   333   332   238   254   222
Pr0128 61960   222   286   190   159   286   286   222   206   254   254
Pr0128 61970   238   190   238   206   222   270   190   175   253   347
Pr0128 61980   348   317   381   285   412   698   540   381   429   333
Pr0128 61990   317   349   349   381   381   381   222   413   270   428
Pr0128 62000   429   554   444   444   445   349   254   349   285   476
Pr0128 62010   445   556 -9999
Pr0101 21976  2642  1932  3024  2577
Pr0101 21980  3037  2741  1933  2965  3833  3944  3951  2721  1738  2232
Pr0101 21990  2874  4000  3936  4413  2921  3365  2692  2443  2424  4020
Pr0101 22000  3745  4211  3905  5623  4852  3078  2946  4439  4113  4349
Pr0101 22010  3641  2991 -9999
Pr0102 31958  2055  2273
Pr0102 31960  1552  2618  2075   905  1442  1590  3107  1805  1111  1851
Pr0102 31970  2342  1989  1427  1299  2230  2432  2419  1525  2580  3325
Pr0102 31980  4196  4920  5308  4493  3525  4374  5102  6143  6232  3887
Pr0102 31990  3906  2721  3329  4858  4994  3608  4021  3053  2400  2597
Pr0102 32000  3586  2921  2049  2157  2110  1492  1617  1363  2059  2413
Pr0102 32010  2703  1576 -9999
Pr0103 31964  3768  5611  5397  4053  3024  4568
Pr0103 31970  3286  3879  3853  3459  2988  3045  2965  2511  3148  3317
Pr0103 31980  4870  6242  5371  3397  4349  3683  3365  5259  4674  3901
Pr0103 31990  2868  2959  2299  2388  2262  3019  2552  2811  2760  2844
Pr0103 32000  2094  2191  3616  2379  2277  1801  2634  1824 -9999
Pr0110 21975  4566  3418  5433  6153  4795
Pr0110 21980  6863  6780  4687  5429  6448  5547  4543  4412  3415  2983
Pr0110 21990  2762  2946  2529  3930  2505  2251  1014   792  1079  1683
Pr0110 22000  1839  1615  1454  1263  1422  1355  1829  1812  1739  1488
Pr0110 22010  1394  1014 -9999
Pr0112 11981  4082  3140  3452  3273  2993  2893  2727  2004  1613
Pr0112 11990  2043  1498  1996  2532  2349  1879  1754  1282  1399  2310
Pr0112 12000  1942  1821  2653  1705  3049  1726  2224  3847  4297  3836
Pr0112 12010  3399  2609 -9999
Pr0117 21971  2234  4187  3393  4476  2407  3680  5238  3490  3997
Pr0117 21980  4692  3835  4657  4409  4127  5171  5553  4365  2881  3302
Pr0117 21990  3007  3390  4639  5015  2897  2157  2777  2331  1987  3483
Pr0117 22000  3006  2354  3155  1822  2996  1716  2333  2127  2725  3034
Pr0117 22010  2387  2415 -9999
Pr0118 31974  5403  3467  3884  3936  4118  3894
Pr0118 31980  5077  6142  4753  5287  7279  6600  6690  6473  5376  4462
Pr0118 31990  4301  4765  4082  4027  3713  3477  2797  1873  1270  1714
Pr0118 32000  1905  1683  1898  1518  1499  1268   824  1217  1838  2635
Pr0118 32010  1834  2016 -9999
Pr0120 31975  2283  2386  3181  2428  2989
Pr0120 31980  3924  3312  2993  3157  4011  3332  3557  3467  3103  2315
Pr0120 31990  3314  3438  4090  4103  3115  2993  2326  1805  2402  3264
Pr0120 32000  3880  4303  3790  2825  3524  2461  1576  4340  5033  3867
Pr0120 32010  4757  4188 -9999
Pr0126 31969  2095
Pr0126 31970  1586  1500  2063  3100  2676  1511  2558  2876  2943  3427
Pr0126 31980  3663  2476  2899  3859  4593  4205  3772  3310  2477  2889
Pr0126 31990  3081  3648  5348  5354  3829  2691  3261  3388  2571  4049
Pr0126 32000  3329  3013  2717  2708  3839  3034  2945  3874  3076  2922
Pr0126 32010  2956  3329 -9999
