Pr0302 31905  1111   975  1154   966   856
Pr0302 31910   876   896  1215  1278   656  1292  1014  1312  1321   751
Pr0302 31920   721  1161  1443  1282  1673  1346  1209   814  1260   987
Pr0302 31930  1808  1516  1623  1642  1105  1221   932   879  1451   953
Pr0302 31940   649  1337  1684  1447  1255  1040   820   722   565   936
Pr0302 31950  1001  1270  1239  1404  1408  1150  1502  1252  1377  1439
Pr0302 31960  1363  1046   760   753  1103  1908  2177  1924  1688  2145
Pr0302 31970  1619  1682  1269  1270  1111  1079  1016  1107   981  1235
Pr0302 31980  1202   979  1135  1137  1651  1902  1778  1777  1333  1079
Pr0302 31990   762   698   698   762   825   666   508   412   571   666
Pr0302 32000   921  1141  1457  1016  1143   841   746  1175  1650  2338
Pr0302 32010  2215  1522 -9999
Pr0303 31903  1238  1555  1531  1401  1314  1404  1064
Pr0303 31910  1646  1506  1639  1633   918  1889  1417  2096  1890  1282
Pr0303 31920  1040  1205  2021  1938  2626  1820  1606  1554  1646  2012
Pr0303 31930  2316  1292  1544  2153  1321  1519  1204  1462  1373  1966
Pr0303 31940  1595  1991  1695  1686  1657  1675  2025  1869  1801  1419
Pr0303 31950  1350  1699  1892  1580  1356   725  1357  1548  1772  1867
Pr0303 31960  1548  1675  1482  1231  1833  1611  1706  1230  1267  1711
Pr0303 31970  1488  1234  1394  1359  1104   947   885  1137  1079  1301
Pr0303 31980  1554   952   951  1205  1809  2286  2000  1741   951   825
Pr0303 31990   952   856  1014  1079  1079   889   794   698   762  1175
Pr0303 32000  1429  1649  1966  1395  1333   889  1429  1649  1577  2184
Pr0303 32010  1820  1953 -9999
Pr0305 31894  2251  2359  2482  2210  2259  1880
Pr0305 31900  1673  1535  1308  1276  1278  1063   821   378   474   443
Pr0305 31910   759   538   761   761   349   602   380   412   666   571
Pr0305 31920   476   729   888   762  1079   793   791   886   793   762
Pr0305 31930  1111  1079  1015   728   381   444   412   602   983   822
Pr0305 31940   697   727   760   697   697   759   886   822   760   887
Pr0305 31950  1014  1160  1160  1617  1619  1397  1587  1269  1585  1518
Pr0305 31960  1265  1615  1077  1075  1204  1332  2508  2190  2688  3522
Pr0305 31970  3144  3852  2280  2312  1330  1046  1364  1237  1492  1617
Pr0305 31980  1587  1682  1270  1016  1683  2095  2572  2540  1524  1397
Pr0305 31990  1682  1270  1460  1524  1651  1619  1333  1396  1365  1206
Pr0305 32000  1617  1490  2029  1363   979   771   862  1452  1742  1524
Pr0305 32010  2090  1841 -9999
Pr0307 11893  1260  1153  1127  1224   961  1672  1494
Pr0307 11900  1281   955  1588  1165   894   889   736   370   429   464
Pr0307 11910   495   342   435   839   590   884   653   702   545   306
Pr0307 11920   183   338   462   555   743   497   343   469   374   281
Pr0307 11930   283   188   156   160   121   188    95    93    48   157
Pr0307 11940    78    93   156   159   121   219   219   157   125   209
Pr0307 11950   168   218   249   281   313   281   250   376   469   281
Pr0307 11960   404   469   339   407   532   408   596   538   778   779
Pr0307 11970   656   719   532   629   471   627   625   623   499   436
Pr0307 11980   499   341   337   339   621   649   434   621   751   722
Pr0307 11990   755   568   443   474   535   405   172   265   343   374
Pr0307 12000   431   429   574   224   430   300   376   645   556   718
Pr0307 12010   844   564 -9999
Pr0308 21907   601   536   602
Pr0308 21910   728   602   666   571   596   779   743   906   926   709
Pr0308 21920   781   953  1500  1570  1441  1118  1075  1178  1098  1010
Pr0308 21930  1004   836   910  1167   888   917   716   845  1279  1213
Pr0308 21940  1220  1607  1474  1459  1222  1391  1188  1094   872  1755
Pr0308 21950  1627  1506  1302  1451  1620  1875  1564  1369  1991  1802
Pr0308 21960  1266  1620  1313  1483  1799  1383  1031  1059  1063  1361
Pr0308 21970  1583  1118  1355  1402  1589  1567  1508  1316  1483  1719
Pr0308 21980  1719  1379  1320  1353  1258  1603  1724  1540  1136  1138
Pr0308 21990  1045   792   792  1043  1013   950   506   570   570   569
Pr0308 22000   570   760  1173   889   920   666   504   595   563   590
Pr0308 22010   530   433 -9999
Pr0309 41892  1381   841   855  1587  1857  1983  2062  1951
Pr0309 41900  1833  1174  1428  1365  1999  1994  1298   570  1013  1171
Pr0309 41910   918   949   982  1237  1106  2618  1503  1570  1915  1099
Pr0309 41920  1199  1574  1758  1829  1867  2170  1841  2007  1619  1967
Pr0309 41930  2604  1364  1507  1486  1501  2162  1477  1752  2153  2086
Pr0309 41940  1152  1969  1766  1604  1784  2128  2054  1340  1711  1643
Pr0309 41950  1406  1873  2348  2057  2405  2086  2079  2318  3255  2848
Pr0309 41960  1779  2543  1545  1078  2507  1988  2303  1133  1445  1937
Pr0309 41970   997  1203  1393  1259  1405  1060  1027  1048  1080  1278
Pr0309 41980  1107  1003   943   577  1258  1275  1026  1535  1027   924
Pr0309 41990   831   586   835   838  1159   908   562   717   934  1054
Pr0309 42000  1124   885   844   625   564   470   783   752  1156  1511
Pr0309 42010  1464  1641 -9999
Pr0310 41891  1221   984  1982  1794  2175  2492  2492  2840  2395
Pr0310 41900  1772  1472  1539  1392  1650  1524  1269   890   729  1097
Pr0310 41910  1121  1041  1296  1647   809  1938  1156  1215  2586  1508
Pr0310 41920  1191  1329  2095  1766  2327  2108  1746  2353  1742  1459
Pr0310 41930  2155  2125  1776  1968  1554  1301  1524  1397  1200  1545
Pr0310 41940  1325  1809  2944  2437  2587  2518  2626  1694  1587  1702
Pr0310 41950  1467  2481  2324  1873  1619  1523  2218  1456  2095  2127
Pr0310 41960  1936  1994  1348  1751  1549  1738  1773  1141  1109  1524
Pr0310 41970  1042   730   781   971   752   660   820   916   943  1418
Pr0310 41980  1403   885  1011   948  1268  1428  1206  1143   571   698
Pr0310 41990   825   787   756   820   853   886   452   691   793   984
Pr0310 42000  1206   854  1206   920  1554   951  1100  1613  1396  2214
Pr0310 42010  1678  1587 -9999
Pr0311 41896  1490  1587  1507  1283
Pr0311 41900  1326   925  1273  1083  1440  1351  1108   828   756   927
Pr0311 41910  1299  1239  1671  1922   928  2268  1020  1148  1146   861
Pr0311 41920   525   564  1116   914  1526  1358  1111  1175   977   818
Pr0311 41930   977   754   782   816   659   753   505   600   632   505
Pr0311 41940   570  1600  2840  3082  3747  3898  3665  2809  2138  2253
Pr0311 41950  1789  2660  2839  2639  3028  2014  2535  1705  2241  1667
Pr0311 41960  1137  1469  1100  1011  1167  1901  2156  1808  1695  2171
Pr0311 41970  1604  1133  1828  1847  1287   964   902  1040  1009  1135
Pr0311 41980  1295   916  1040   975  1627  1659  1596  1435   859   799
Pr0311 41990   785   851   856   857  1175   825   730   667   857  1190
Pr0311 42000  1345   983  1364   856  1160   869   631  1247  1402  1608
Pr0311 42010  1538  1314 -9999
Pr0313 21947  1143  1236  1217
Pr0313 21950  1634  1649  2020  1961  1625  1952   969   365  1435  1418
Pr0313 21960   264  1084   366  1128   808   227  1335   744   689   545
Pr0313 21970   125   361   723   723   469   502   157   474   221   630
Pr0313 21980   776   726   599   850   820   852  1328  1359  1011   758
Pr0313 21990   791   602  1333  1079   857   762   635   762  1143  1364
Pr0313 22000  1300  1393  1520  1330  1361  1552  1905  1587  1714  1999
Pr0313 22010  1524  1994 -9999
Pr0314 21929  1778
Pr0314 21930  1882  1548  1109  1343   900  1075   808  1148  1044  1454
Pr0314 21940  1227  1225   980   889  1310  1429  1346   926   750  1222
Pr0314 21950  1120  1059  1439  1569  1222  1024  1549  1055  1696  1305
Pr0314 21960  1053  1841  1147  1751  1829  1545  1413   974  1566  1966
Pr0314 21970  1324   932  1263  1413  1136   839   990  1145  1206  1732
Pr0314 21980  1295  1047  1107  1188  1711  1950  1181  1423   760  1203
Pr0314 21990  1325  1209  1900  1988  1605  1527   988  1151  1027  1190
Pr0314 22000  1292  1261  1765   821  1674  1137  1293  1763  1917  2360
Pr0314 22010  1720  1152 -9999
Pr0315 51895  3349  3971  2629  2885  2824
Pr0315 51900  2454  1811  2191  1609  1704  1579  1747  1842  2117  2921
Pr0315 51910  3108  2500  2947  2571  1776  3491  2374  2761  2318  1683
Pr0315 51920  1269  1429  2443  1713  3205  3451  2759  2889  3047  2824
Pr0315 51930  2219  2375  2434  2415  1960  2023  1079  1269  1778  1299
Pr0315 51940  1045  1333  1680  1714  1270  1460  1427  1554  1231  1294
Pr0315 51950  1136  1870  1445  1413  1583  1236  1267  1710  2992  3176
Pr0315 51960  2642  2063  1707  1326  1449  1662  1998  1570   914  1701
Pr0315 51970  1392   855  1396  1714  1237   761   761  1015  1173  1014
Pr0315 51980   886   631   727   599   820  1009   851   930   552   757
Pr0315 51990   502   408   645   551   595   404   433   466   655   626
Pr0315 52000   630   410   537   443   474   506   411   629   749   988
Pr0315 52010   950   815 -9999
Pr0316 51892  1870  1425  1432  1273  1823  1792  1798  1772
Pr0316 51900  1591  1575  1724  1884  1996  1346   884   519   401   852
Pr0316 51910  1165  1406  1444  2517  1737  2119  2742  2997  2969  2961
Pr0316 51920  2885  2801  4363  3715  4960  4807  3299  2956  3605  3649
Pr0316 51930  4731  3974  3681  2551  2283  2258  2158  1587  1515  1864
Pr0316 51940  2169  2309  3061  2349  1809  1627  2328  1668  1028  1473
Pr0316 51950  1499  1510  1620  1850  2276  1853  2383  1912  2066  1860
Pr0316 51960  1642  1734  1998  1935  1618  2318  2380  1460  1524  1429
Pr0316 51970  1206  1459  1204  1204   983  1203  1332  1234  1171  1425
Pr0316 51980  1616   950   950  1016  1413  1444  1935  2155  1457  1619
Pr0316 51990  1333  1299  1111  1197  1227  1540  1133  1387  1171   950
Pr0316 52000  1079  1111  1429  1333  1492  1269  1650  2222  2539  2826
Pr0316 52010  2695  1745 -9999
Pr0317 11970   730   762   349   507   537   380   475   575   367   835
Pr0317 11980   542   593   636   659   851  1051   888   944   812   820
Pr0317 11990  1041   813  1133  1447  1218  1205   731   641   979  1041
Pr0317 12000  1412  1370  1695  1007  1662  1259  1673  1967  2094  1801
Pr0317 12010  2077  2112 -9999
Pr0318 41892  1524  1365  1627  1878  2851  2184  2072  2269
Pr0318 41900  1959  1516  2139  1850  1634  1917  2759  2031  2584  3238
Pr0318 41910  3518  3619  3387  3355  3016  4752  3772  3397  3967  2756
Pr0318 41920  2096  1793  1744  2190  3079  3587  2564  2771  2576  3349
Pr0318 41930  4140  2697  2567  2030  1586  1524   984  1174  1583  1508
Pr0318 41940  1190  1709  1746  1807  1333  1269  1269  1078   947  1233
Pr0318 41950  1230  1264  1991  2093  1997  1301  1617  1205  1047  1173
Pr0318 41960  1301  1380  1365  1885  2092  1994  1839  1427  1048  1365
Pr0318 41970  1079   825  1015   889   857   809   619   730  1015  1107
Pr0318 41980  1138   728   793   698   729   762   793   825   539   635
Pr0318 41990   726   665   696   697   729   857   667   777   651   667
Pr0318 42000   619   460   603   540   634   554   555   539   761  1046
Pr0318 42010   980   788 -9999
Pr0319 21939  2569
Pr0319 21940  3545  5052  4238  4458  3088  3182  3417  3586  3395  2855
Pr0319 21950  2629  3125  3090  2222  3319  1855  3460  1555  2431  2300
Pr0319 21960  1460  1524   952  1174  1905  1587  1425  1144  1426  1428
Pr0319 21970  1142  1013  1392  2059  1495  1016  1077  1048  1206  1143
Pr0319 21980  1031   581   538   531   663   600   696   761   543   619
Pr0319 21990   425   635   412   571   539   508   254   190   317   285
Pr0319 22000   506   316   474   255   905   504   501   579  1324   989
Pr0319 22010   683   661 -9999
Pr0320 11966  1936  1556  1366  1770
Pr0320 11970  1764   823  1079  1365  1935  1331   983   761   888  1047
Pr0320 11980  1041   633   473   443  1253   920  1401   754   565   947
Pr0320 11990   663   442   762   730   540   952   286   286   413   508
Pr0320 12000   794   889  1110   508   825   603   508   794   857  1048
Pr0320 12010   825   603 -9999
Pr0321 11948  1032   333
Pr0321 11950   413   508   660   739   609   380   766   756   920   602
Pr0321 11960   811   933   626  1456  1223   568  1075  1204  1680   952
Pr0321 11970   857   540   476   619  2154  1219   475   443   507   634
Pr0321 11980   444   651   587   603  1237  1860  2160  1759  1056  1092
Pr0321 11990  1076  1244  1470   820   724   945   410   568   629   597
Pr0321 12000   816   830   707   315   663   632   600   979  1074  1548
Pr0321 12010  1264  1039 -9999
Pr0322 11928  2143  1175
Pr0322 11930   873   809   831   988   666  1111  1206   762   857   889
Pr0322 11940   540   444   603   968   397   728   758   660   816   814
Pr0322 11950   561   778  1028   499  1061   967  1980  1640  2624  1861
Pr0322 11960  1570  1701  1042  1515  1613  1568  1373   979   948   822
Pr0322 11970   506   379   663   632   760   493   584   412   443   727
Pr0322 11980   537   442   473   631  1154  1595  1266  1270   918   917
Pr0322 11990   506   411   568   441   472   499   250   221   342   501
Pr0322 12000   842   750   971   284   279   812   436   624  1035  1386
Pr0322 12010  1999  1111 -9999
Pr0323 41905   825   580   312   213   278
Pr0323 41910   522   412   530   614   656  1787  1426  1430  1481   907
Pr0323 41920   702   616   926  1289  1950  1309  1008  1243   857   902
Pr0323 41930  1000  1162  1353  1416   982   877   683   544   543   609
Pr0323 41940   418  1170  2675  3982  2821  3734  2840  2705  3472  3026
Pr0323 41950  2910  3926  3591  3202  2422  2082  2406  2693  3687  2891
Pr0323 41960  2666  3308  2489  2383  2289  2918  2977  1961  1774  2725
Pr0323 41970  1459  1872  1491  1680  1460  1363  1362  1234   949  1268
Pr0323 41980  1681  1316  1190   952  1200  1549  1395  1427   825  1077
Pr0323 41990  1107  1137  1291  1131  1225  1323  1138  1045  1270  1016
Pr0323 42000  1143  1365  1397  1173  1175   778  1221  1429  1968  2430
Pr0323 42010  2260  1728 -9999
Pr0324 31943  2445  3140  3133  2965  2535  2873  2583
Pr0324 31950  2852  3100  2280  2244  3823  2596  2744  3653  3781  3524
Pr0324 31960  3097  3715  2285  2490  3303  3822  4247  2338  3580  4512
Pr0324 31970  2852  3094  2093  3109  2953  1906  2394  1688  1553  2769
Pr0324 31980  2521  1905  2000  2127  3270  4050  3437  2935  1798  1829
Pr0324 31990  2126  2235  2197  1910  2076  1674  1273  1532  1974  2026
Pr0324 32000  2189  2539  2470  1236  1646  1613  1551  2246  3167  3357
Pr0324 32010  2819  1299 -9999
Pr0325 41883  1554  1825  1922  1919  1007  1351  1105
Pr0325 41890   415   743   624   358   505   416   595   783   726   941
Pr0325 41900   876   662   547   426   395   426   303   153   277   246
Pr0325 41910   491   367   581   704   459   644   454   540   897   539
Pr0325 41920   569   634  1029  1032  1496  1013   962  1002   753   658
Pr0325 41930   964   901  1072   946   584  1379   610   721   377   377
Pr0325 41940   376  1156  2271  2250  1980  2164  2350  1985  1959  2394
Pr0325 41950  2770  2911  2499  2207  1807  1095  1125  1871  2062  2588
Pr0325 41960  1951  2472  1995  1746  2381  1578  1802  1492  1270  1490
Pr0325 41970  1839  1487  1295  1395  1046  1077  1221  1221  1427  1873
Pr0325 41980  2219  1269  1268  1365  1884  2109  1681  1583  1015  1077
Pr0325 41990  1105  1012  1014  1420  1585  1905   920  1301  1173  1076
Pr0325 42000  1262  1775  2158  1708  2057  1610  1328  1871  1726  2044
Pr0325 42010  1891  1201 -9999
Pr0327 31894  1619  2077  1907  2194  1221   458
Pr0327 31900  1809   849  1023   741   937   816   926   504   511   897
Pr0327 31910  1400  1193  1614  2195  1353  1361  1085  1306  1403  1157
Pr0327 31920  1409  1885  1326  2245  1556  2254  2286  2494  2660  2476
Pr0327 31930  1715  1936  1111   603   857   794   508   442   824  1040
Pr0327 31940   788  1078  1079  1714  1302  1363  1489  1077   602   635
Pr0327 31950   286   349   317   349   254   381   603   759   661   660
Pr0327 31960   314   504   252   378   600   631   693   409   598   759
Pr0327 31970  1109  1046  1111   952   857   778   682   794   920  1206
Pr0327 31980  1238  1487  1139   983  1587  1585  1618  1710  1236   919
Pr0327 31990   603   603   887   791   854   664   665   759   869  1153
Pr0327 32000  1111  1619  1697  1314  1111   602  1014  1110  1237  1873
Pr0327 32010  1968  2407 -9999
Pr0328 51832  3333  2220  2346  2315  2901  2492  2472  2726
Pr0328 51840  3543  2442  1999  1328  1293  1202  1204  1614  1236  1206
Pr0328 51850  1492  1397   983   793  1427  1110   761   757   914  1138
Pr0328 51860  1293  2336  1831  2569  2316  2381  1095   746  1016  1205
Pr0328 51870  1570  2246  1011   442   348   475   285   158   285   506
Pr0328 51880   411   316   205   173   299   331   410   315   315   439
Pr0328 51890   411   440   980   791  1166  1003   312   874  1420  1441
Pr0328 51900  1255   753   344   534   438   405   344   219   188   157
Pr0328 51910   187   156   187   434   464   310   186   864  1111   653
Pr0328 51920  1043  1357  1654  1027  2222  2257  1351  1349  2189  2430
Pr0328 51930  1550  1428  1656   989   568   537   474  1012  1419  1737
Pr0328 51940  1138  1516  1042  1482  1137  1775  2349  2062  1713  1682
Pr0328 51950  1587  2251  3238  3041  3236  2253  1941  3669  3459  2538
Pr0328 51960  2064  2632  2219  2579  1984  1442  2071  2823  4154  4252
Pr0328 51970  1804  1902  2286  2238  2206  2032  3000  3445  2508  3777
Pr0328 51980  3101  2590  2571  2318  2698  4150  3969  3228  2213  1512
Pr0328 51990  1512  1446  2666  1746  3334  3143  1683  1619  1461  1998
Pr0328 52000  2317  3590  3966  2444  2794  2443  2571  2595  3351  3158
Pr0328 52010  3440  3100 -9999
Pr0329 41898  1491   951
Pr0329 41900  1941   951   479  1159   665   649   480  1111  1040  1551
Pr0329 41910  1065   650   879   971   366   350   411  1108   608   484
Pr0329 41920  1111   639  2670  1767  2886  2005  2069  2164  1502  2073
Pr0329 41930  2055  1470  1922  2532  1810  2127  1900  1661  2090  1968
Pr0329 41940  1761  2319  2644  1889  1770  2150  2116  2169  3056  3345
Pr0329 41950  2973  4477  3705  3236  2508  2856  2698  2982  3469  3425
Pr0329 41960  2158  2635  2984  3235  2631  3492  4635  2826  2318  2762
Pr0329 41970  2057  2000  2090  2112  1236  1267  1168  1395   857  1172
Pr0329 41980  1425   761   761   824  1110  1270  2061  1809  1111   730
Pr0329 41990   730   762   950  1043  1078  1048   730   666   555   682
Pr0329 42000   776  1221  1746  1238  1206   857  1016  1270  1524  1491
Pr0329 42010  1301  1079 -9999
Pr0330a 1921  1397  1555  2731  3109  1734  2742  3298  2688  3301
Pr0330a 1930  2133  3639  3596  2640  3421  3258  2889  1955  1781  3913
Pr0330a 1940  3273  3840  3766  3866  2559  2542  2828  1752  2705  2944
Pr0330a 1950  2596  3743  3440  2957  2591  1575  2190  2104  3291  2011
Pr0330a 1960  2222  1994  1860  2113  1716  1453  1985  1715  1951  2197
Pr0330a 1970  1384  1821  1806  1203   847  1031  1227  1188  1132  1133
Pr0330a 1980  1513   692   630   693   945  1288  1352  1154   813   626
Pr0330a 1990   666   539   840   713   857   730   635   539   475   539
Pr0330a 2000   570   315   442   442   473   442   755   597   692   912
Pr0330a 2010   632   539 -9999
Pr0330b 1898  2755  2828
Pr0330b 1900  1321   829  3219  1643  2470  1596  2171  1924  1796  1392
Pr0330b 1910  1144   843  1802  1692  1800  1468   590   622   493   452
Pr0330b 1920   467  1063  1591  3033  3329  2709  3811  3823  2815  2744
Pr0330b 1930  2644  3800  3114  2358  2714  3664  3553  2523  2222  3939
Pr0330b 1940  2651  3956  4895  3777  2651  2344  3207  2381  3197  2984
Pr0330b 1950  2856  4876  3979  3561  2679  2524  3380  2824  2955  2105
Pr0330b 1960  1396  1934  1704  1741  1936  2317  2984  1587  2061  2412
Pr0330b 1970  1905  1648  1900  1934  1078  1109  1279  1484  1057  1013
Pr0330b 1980  1015   697   890   822  1169  1616  1449  1167   569   506
Pr0330b 1990   665   523   793   682   856   761   571   507   633   666
Pr0330b 2000   745   677   757   440   786   660   786   534   812  1136
Pr0330b 2010   970  1041 -9999
