Pr0601 31885  1745  1269  1413  1426  1260
Pr0601 31890  1328  1029   982   788   680   794  1025   842   995  1312
Pr0601 31900  1060   846   917   954  1204  1024   626   614   531   737
Pr0601 31910   736   588  1050   961   970  1302  1419  1543  1906  1401
Pr0601 31920  1483  2274  2205   879  1226  1451  1097  1012  1415  2393
Pr0601 31930  3371  2753  2447  2588  1870  2405  1534  1878  1314  1794
Pr0601 31940  1361  1689  1896  1454  1486  2187  1806  1548  2212  2904
Pr0601 31950  2474  3137  2268  1446  1829  2278  1802  1549  2430  3108
Pr0601 31960  1046  1111   857   571   667   698   952   889   794   952
Pr0601 31970   667  1046  1046  1427  1046  1902  2790  1522  1457  1394
Pr0601 31980  1804  1454  1390  1502  1713  1767  2126  1561   757   883
Pr0601 31990   981   917   904   840   556   762   413   365   492   492
Pr0601 32000   555   619   762   349   397   302   444   412   571   349
Pr0601 32010   238   302 -9999
Pr0602 31893   603   444   698   666   349   635   603
Pr0602 31900   423   460   668   533   648   391   295   284   268   289
Pr0602 31910    93    93    79   100   231   246    76   176   215   163
Pr0602 31920   339   141   282   185   208   285   261   374   442   437
Pr0602 31930   417   394   701   321   600  1022   705   489  1052  1216
Pr0602 31940  1612  1232  1294  1356  1018  1144   947  1009  1551  1912
Pr0602 31950  1757  1976  2574  1507  1684  1875  2821  2812  3133  2538
Pr0602 31960  1680  1958  2137  1548  2434  2046  2785  2532  1790  2354
Pr0602 31970  1483  2114  1041  1476   690   664  1072   717   561   686
Pr0602 31980   718   437   501   660   721   716   529   498   248   310
Pr0602 31990   468   466   466   510   278   649   352   356   562   707
Pr0602 32000   599   661  1138   380   602   396   682   571   921   794
Pr0602 32010   794   429 -9999
Pr0603 31904  1893   794   321   404   598   651
Pr0603 31910   336   720   507   697   224   224   293   224   413   324
Pr0603 31920   795  1660  1863   974  1604  1225  1020  1846  1605  1945
Pr0603 31930  2290  2500  2847  2513  2196  2083  2152  2314  1794  1968
Pr0603 31940  1805  1350  1844  1391  1231   905  1327  1571  1171  1457
Pr0603 31950  1432  2155  2230  1416  1895  2632  1366   874  1428  1933
Pr0603 31960   881  1601  1571  1444  1524  1805  1957  1446  1172   965
Pr0603 31970  1221  1444  1293  1193   760   920   998   733   952   870
Pr0603 31980  1007   833   816   801   742   613   945   911   669   576
Pr0603 31990   517   789   684   598   491   613   459   518   641   785
Pr0603 32000   754   787   981   399   305   183   578   851   941   817
Pr0603 32010   817   856 -9999
Pr0604 11986  2442  4047  3363  2240
Pr0604 11990  2076  2556  2354  1978  1805  2812  2070  2096  2649  2532
Pr0604 12000  2452  2649  2828  1503  1599  2352  3141  3383  2692  2281
Pr0604 12010  1923  1585 -9999
Pr0605 31882  1551  1169  1197   914  1040   972  1103  1139
Pr0605 31890   760   730   730   603   571   857  1079   699   952  1111
Pr0605 31900  1048   794   666  1047   952   762   540   476   444   349
Pr0605 31910   317   317   411   696   728  1080  1603  1429  1730  1428
Pr0605 31920  1870  2285  2064  1107  1786  1682  1681  1682  1904  2330
Pr0605 31930  2873  2562  2665  1809  1365  1397  1460  1048   889   921
Pr0605 31940  1301  1429  1965  1826  1557  2061  1612  1154   863  1101
Pr0605 31950  1109  1059   935   857  1238  1201  1267  1587  2303  2873
Pr0605 31960  1048  1300   856  1111  1515  1905  2191  2318  1938  2090
Pr0605 31970  1800  2316  1650  1605  1173  1259  1387  1135   981  1171
Pr0605 31980  1421  1163  1105  1076  1554  1107  1446  1378   873   872
Pr0605 31990   983  1139  1092  1433  1075   950   696   666   679   962
Pr0605 32000   933   834   821   694   553   551   741   504   774   614
Pr0605 32010   614   567 -9999
Pr0606 31874  1854  1446  1009  1958  1982  2301
Pr0606 31880  1162  1126  1381  1200   981   856   889   444   570   793
Pr0606 31890   603   794   794   540   571   571   667   635   794   905
Pr0606 31900   714   666   793  1046   951  1111   615   616   612   487
Pr0606 31910   550   499   782   861   815  1079  1261  1240  1905  1675
Pr0606 31920  1376  1573  1629   565  1323  1756  1844  1726  1292  1780
Pr0606 31930  2309  1599  1303  1492  1333  1290  1192  1204  1035  1576
Pr0606 31940  1154  1371  2317  2132  1589  2024  1974  1422  1449  1549
Pr0606 31950  1327  1333  1556  1683  2059  2048  2513  1951  3651  3330
Pr0606 31960  1078   635   762   889  1424  1261  1384  1573  1364  1587
Pr0606 31970   952  1333  1079  1459  1205  1460  1491  1142  1967  2000
Pr0606 31980  2190  1428  1522  1427  1681  1491  1173   920   698   508
Pr0606 31990   603   635   540   571   412   508   413   380   412   729
Pr0606 32000   856   793   857   317   317   303   364   571   794   571
Pr0606 32010   444   732 -9999
Pr0607 41878  1314  1061
Pr0607 41880  1270  1410  1560  1619  1618  1556  1395  1112  1428  1363
Pr0607 41890  1204  1285  1474   950  1394  1143  1540  1698  1713  1874
Pr0607 41900  1872  1573  1555  1331  1728  1699  1187   827   762   919
Pr0607 41910   761   603   889  1016  1619   938   857   857  1091  1042
Pr0607 41920   882   537   445   206   317   317   302   633  1113  1173
Pr0607 41930  1999  2058  1777  1356  1195  1750  1818  1443  1541  1627
Pr0607 41940  1547  1814  1962  1743  1680  2220  1859  1632  1270  1510
Pr0607 41950  1345  1489  1715  1204  1585  2941  2407  1937  2511  3979
Pr0607 41960  2242  2178  2245  2016  2382  1745  3048  3830  2533  2406
Pr0607 41970  1619  2380  2127  1997  1270  1527  2218  1702  1270  1439
Pr0607 41980  2254  1460  1269  1397  1714  2095  2386  1651   794   571
Pr0607 41990   588   618   746   834   748   745   490   555   459   745
Pr0607 42000   777   492   650   412   238   476   428   429   555   428
Pr0607 42010   492   472 -9999
Pr0608 21987  5112  5164  4410
Pr0608 21990  3853  3984  4315  4631  3640  4882  2909  3457  3394  3846
Pr0608 22000  3422  3560  3876  1579  2082  2241  3127  3584  3777  3001
Pr0608 22010  1982  2952 -9999
Pr0609 11983  2095  2918  3632  3388  3210  2588  2448
Pr0609 11990  1814  1890  2025  3213  2767  3065  1745  2540  3174  3048
Pr0609 12000  2982  2854  3365   698  1174  1318  1885  1962  2474  1396
Pr0609 12010  1079  1583 -9999
Pr0610 51845  1382  1305  1247  1911  1640
Pr0610 51850  1600  2047  2152  1551  1173  1455  1714  2019  1422  1931
Pr0610 51860  1333  1519  1746  1854  1563  1549  1201  1427  1018  1166
Pr0610 51870   979  1583  1222  1235   836   811   768   916  1012  1392
Pr0610 51880  1394  1679  1270  1139  1424  1518  1364   735   852  1333
Pr0610 51890  1465  1664  2105  2254  1810  1514  1571  1223  1222  1268
Pr0610 51900  1006  1047  1135  1215  1736  1301  1500  1247  1578  1428
Pr0610 51910  1143  1047  1432  1412  1182  1120   943  1077  1559  1235
Pr0610 51920  1189   899  1185   788   917  1209  1307  1255  1877  2031
Pr0610 51930  2597  1898  2483  2433  2471  2209  1455  1295  1206  1180
Pr0610 51940  1086  1291  1370  1031   981   951   983   762   952  1111
Pr0610 51950  1458  1778  1458  1616  1492  1300  1093  1255  1365  1235
Pr0610 51960   792   570   665   617   618   617   744   604   634  1049
Pr0610 51970  1078  1046  1078  1331  1189  1380  1676  1266  1175  1111
Pr0610 51980  1095   904  1079   841  1078  1016  1126   997   745   872
Pr0610 51990   840  1142  2065  2318  1490  1556  1397  1145  1126  1269
Pr0610 52000  1015   795   984   746   841   889   715  1301  1381  1175
Pr0610 52010   918   750 -9999
Pr0612 11990  1158  1638  2613  2121  1942  2509  1819  2183  3103  3429
Pr0612 12000  3016  2984  2762   889  1143  1555  1995  3165  2805  1765
Pr0612 12010  1734  1715 -9999
Pr0613 41848  2412  1937
Pr0613 41850  1892  2415  2335  1483  1312  1400  1212  1006  1079  1297
Pr0613 41860   637  1028  1317  1098  1351   755   694   852   820   932
Pr0613 41870   427   916   664   854   600   710   411   618  1014  1234
Pr0613 41880  1077   919  1045   857  1173  1269  1270   825   984  1524
Pr0613 41890  1016  1172  1552  1296  1483  1486  1833  1551  1616  1551
Pr0613 41900  1650  1302  1491  1778  1712  1900  1460  1015  1237  1237
Pr0613 41910  1459  1393  1647  1810  2445  2349  1584  1665  2174  1968
Pr0613 41920  1587  1048  1110   730  1524  1333  1237  1365  1396  1699
Pr0613 41930  2126  1394  2292  1683  1698  1690  1275  1387  1262  1355
Pr0613 41940  1073  1139  2119  1791  1524  1631  1825  1175   981  1072
Pr0613 41950   974  1479  1300  1206  1268  1456   980  1873  1968  2396
Pr0613 41960  1062   856   666   790   883   786  1070   880   440   725
Pr0613 41970   569   793   904   619   762   952   825   793   728   856
Pr0613 41980  1140   823   825   889  1143  1015   729   698   476   635
Pr0613 41990   697   920  2411  2570  1428  1175   761   793   888  1460
Pr0613 42000  1270  1206   984   698   571   603   728  1269  2322  1353
Pr0613 42010   785   627 -9999
Pr0614 51864  1842  1712  1363  1389   800   995
Pr0614 51870   855  1617  1040  1518  1610  1095   829  1105  1699  1576
Pr0614 51880  1811  2061  2671  1655  1989  1766  2100  1734  1554  1654
Pr0614 51890  1531  2088  1550  1306  1471  1433  1513  1572  1920  1711
Pr0614 51900  1385  1620  1677  1499  2100  1713  1411  1235  1292  1134
Pr0614 51910  1247  1063  1325  1524  1436  1347  1418  1422  1868  1807
Pr0614 51920  1839  1046  1552  1012  1833  1946  1398  1540  1511  1546
Pr0614 51930  1673  1262  2046  1640  1404  1374   900  1082  1284  1159
Pr0614 51940   971  1032  1379   878   819  1103  1220  1065   596   754
Pr0614 51950   915  1198  1040   822   759   667   791  1077   982  1298
Pr0614 51960  1013   759   758   632   695   853   916   853   787   816
Pr0614 51970   653   685   920   832   800  1018   740   494   650   871
Pr0614 51980   939   782   906   990  1085  1240  1241  1137   614   593
Pr0614 51990   683   895   957  1046   886   481   667   623   743   740
Pr0614 52000   953   658   707   637   585   524   710  1023  1103   796
Pr0614 52010   546   573 -9999
Pr0615 41836  1555  1436  2134  1597
Pr0615 41840  1984  2346   844   594   438  1035  1127  1094  1775   841
Pr0615 41850   904  1184  1557  1030   907  1067  1386  1197  1267  1206
Pr0615 41860   413   853   821  1249  1315  1492   921  1015   634   856
Pr0615 41870   348   697   349   349   349   476   335   618   571   762
Pr0615 41880   667   857   730   952   857   825   794   635   794   730
Pr0615 41890   730   696   539   664   824   889  1238   889  1107  1262
Pr0615 41900   947   821  1106  1105  1237  1460  1175   951   886   952
Pr0615 41910   825   730  1411  1630  1540  1189  1143  1048  1302  1396
Pr0615 41920  1619  1670  1575   949  1015  1349  1062  1109  1140  1014
Pr0615 41930  1172  1363  1935  1555  1492  1679  1206  1111  1111   984
Pr0615 41940   791   908  1563  1317   925  1142  1299  1036   845  1297
Pr0615 41950  1083  1605  1369   972  1179  1311  1213  1056  1305  1797
Pr0615 41960  1327   622   557   926  1395  1409  1470  1445   922  1235
Pr0615 41970  1161  1236  1265  1333  1264  1235  1761  1005   879  1004
Pr0615 41980  1003  1023   781  1119  1813  1720  1547  1358  1033  1277
Pr0615 41990  1057  1106  1802  2147  1673  1425   960   895  1288  1437
Pr0615 42000  1951  2541  3200  1577  1117  1120  1337  1850  1731  1429
Pr0615 42010  1132   830 -9999
Pr0616 31842  1460  1174  1016  1165  1089  1024  1505   791
Pr0616 31850  1308  1750  2263  1535   992  1037  1108  1238  1392  1616
Pr0616 31860   980  1124  1130  1118  1676  1604   995  1015   821  1415
Pr0616 31870   974  1175   698  1133   789   687   567   949  1238   876
Pr0616 31880  1434  1455  1375  1031  1476  1433  1218  1028   854   887
Pr0616 31890   929  1090  1066  1139   857  1033   914   750   853   824
Pr0616 31900   927   588   708   852   883  1011   978   963  1021   752
Pr0616 31910  1253   940  1192  1314  1151  1421   921  1143  1206   984
Pr0616 31920  1048   762  1079   667  1079   952   825   950  1010  1070
Pr0616 31930  1072   883  1331   857  1206  1427  1078  1459  1555  1301
Pr0616 31940  1299  1364  1397  1237  1099  1354  1322   787   759   950
Pr0616 31950   889  1110  1174   825  1047   857   889   730  1078  1416
Pr0616 31960   818   722   755   751   788  1009   786   692   534   818
Pr0616 31970   597   534   565   564   567   693   630   598   725   854
Pr0616 31980  1140   730   761   856  1076   822   727   820   474   600
Pr0616 31990   631   757   819   725   681   600   390   631   536  1036
Pr0616 32000   970   910   976   694   599   410   561   830  1024   817
Pr0616 32010   397   433 -9999
Pr0617 31838  1424  1444
Pr0617 31840  1303  1425  1311   981   896   554   538   538   505   630
Pr0617 31850   630   914  1071   600   552   711   791  1363  1174  1144
Pr0617 31860   948  1111  1079  1254   870  1169   949  1039   601   807
Pr0617 31870   744   983   603   539   571   491   713  1016  1048   730
Pr0617 31880   603   762   794   698   857   730   762   414   492   618
Pr0617 31890   602   920   856   762   730   856   921   794   730   921
Pr0617 31900   730   698   825  1302  1683  1143   762   508   476   381
Pr0617 31910   381   190   349   222   349   349   571   476   571   508
Pr0617 31920   698   635   889   507   570   696   725   821   917   823
Pr0617 31930   855   539   920   728   854   696   728   728   666   666
Pr0617 31940   540   635   571   413   317   571   603   349   286   413
Pr0617 31950   349   286   476   319   376   346   380   435   806   987
Pr0617 31960   677   492   369   341   413   385   714   682   625   752
Pr0617 31970   565   628   752   965  1048   762   751   660   786  1323
Pr0617 31980  1042   600   411   411   504   319   312   302   327   282
Pr0617 31990   330   512   967   873   733   673   605   809  1016  1348
Pr0617 32000  1628  1630  1794  1089   865   836   894  1463  1957  2214
Pr0617 32010  1864  1436 -9999
Pr0618 41837  1539  1298  1357
Pr0618 41840  2132  2499  1585  1488  1485  1612  1346   809  1491  1044
Pr0618 41850   982  1344  1567   863   849  1155  1043   980   823   919
Pr0618 41860   569   941  1189  1186  1254   913   789   852   600   677
Pr0618 41870   546   951   773   775   619   543   572   966  1158  1003
Pr0618 41880   814  1128  1002   778   621   820   984   773   453   574
Pr0618 41890   511   655  1090  1298  1026   931   991   807   498   593
Pr0618 41900   562   626   802   869  1172   881   536   379   347   506
Pr0618 41910   411   253   474   411   601   538   683   856  1282  1251
Pr0618 41920  1528  1129  1292   788   914   823   822   839  1089   727
Pr0618 41930  1252  1123  1393  1044  1014   793   730   508   761   854
Pr0618 41940   916  1294  1360   918  1109   728  1200   977   851   980
Pr0618 41950   918  1045  1108   857   921   984  1013   761  1175  1079
Pr0618 41960   857   637   569   666   695   696   729   698   571   889
Pr0618 41970   792   923  1331  1238  1301  1145   855   666   793   824
Pr0618 41980  1138   853  1138   822   822   885   884   822   411   633
Pr0618 41990   601   728   822   918   760   524   584   634   634  1013
Pr0618 42000   729   571   761   665   511   363   425   729   727   538
Pr0618 42010   284   332 -9999
Pr0619 51841  3295  3134  1508   936  1935  1408  1021  2048  1611
Pr0619 51850  1645  2314  2279  1800  1878  1808  1685  1454  1506  1726
Pr0619 51860   965  1374  1564  1875  2151  1455  1411  1810  1113  1145
Pr0619 51870   927  1289   991  1177  1302  1316  1304  1364  1627  1804
Pr0619 51880  1685  1643  1589  1028  1281  1194  1101  1162  1005  1103
Pr0619 51890  1137  1168  1797  1294  1168  1263  1422  1263   977   976
Pr0619 51900   912  1286  1123  1127  1763  1732  1333   794  1270  1016
Pr0619 51910   761   666  1185  1645  1606  1604  1653  1739  1841  1469
Pr0619 51920  1034  1162  1100   691   848   691   724   881   913   917
Pr0619 51930  1075   822  1075  1137  1261  1450  1387  1326  1263  1042
Pr0619 51940   948   950   823   885   853  1011   819   693   720  1033
Pr0619 51950  1141  1079  1735  1358  1331   921   762  1269  1425  1706
Pr0619 51960   918   760   600   631  1040  1011  1204  1204  1046  1015
Pr0619 51970   825   761   823   632   571   571   698   666  1046  1302
Pr0619 51980  1159   933   791   791   791   570   508   508   349   540
Pr0619 51990   540   667   667   635   539   506   398   394   538   854
Pr0619 52000   855   984   820  1138   789   599   599  1293  1322  1190
Pr0619 52010   958   891 -9999
Pr0620 51845  3591  2462  1263  2620  1550
Pr0620 51850  2311  3104  3421  2340  2317  2538  2631  2410  2186  2504
Pr0620 51860  2093  2794  2566  2729  2316  1556  1175  1587  1587  1556
Pr0620 51870  1873  2823  1924  2186  1556  2000  1174   825   603   698
Pr0620 51880   855   854   949   854   759   917   887   443   412   728
Pr0620 51890   601   792   920   887   665   760   710   396   601   632
Pr0620 51900   569   506   602   697  1046  1048  1365  1143  1395  1364
Pr0620 51910   920   857   729  1175  1299  1551  1456  1548  1738  1518
Pr0620 51920  1142   856   919   824  1173  1142  1554  1744  1961  1669
Pr0620 51930  1903  1110   998   901  1267  1205   968  1031  1015  1237
Pr0620 51940  1268  1300  1835  1678  1076  1397  1238   729   697  1014
Pr0620 51950  1188  1379  1587  1143  1394  1410  1521  1665  1586  2745
Pr0620 51960  2215  2127  1492  1333  1491  1365  1175  1365  1016  1397
Pr0620 51970  1079   984  1301  1111  1111  1302  1111   889  1222  1222
Pr0620 51980  1492  1048  1397  1048  1142  1428  1109  1077   634   809
Pr0620 51990   776   983  1173  1141  1015  1142  1046   697   745  1126
Pr0620 52000  1332   888  1237  1046   714   571   777  1111  1349   889
Pr0620 52010   651   428 -9999
Pr0621 51841  3301  2292  2196  2569  2884  2420  2016  2998  2341
Pr0621 51850  2896  3118  3221  2718  1858  2382  1996  1959  1673  2055
Pr0621 51860  1307  2541  2651  2546  3183  2304  1579  1261  1795  2016
Pr0621 51870  1638  2037  1782  2188  1469  1563  1508  1350  1926  2229
Pr0621 51880  2590  2646  2264  1484  1420  1885  1355   976   927  1325
Pr0621 51890  1506  1509  1774  1045   918   791  1072  1009  1231  1536
Pr0621 51900  1410  1679  1690  1545  1800  1506  1317   757  1104  1330
Pr0621 51910  1267  1265  1390  1486  1580  1040  1134   976  1260  1323
Pr0621 51920  1064  1252  1228   885  1011   853   850  1034  1252   964
Pr0621 51930  1221  1003  1222  1184   689  1035  1066  1066  1066   876
Pr0621 51940   840   932  1241  1027   962  1191  1045   715   626   771
Pr0621 51950   899   912   874  1135   854  1183  1193  1683  1710  1892
Pr0621 51960  1550  1018   925   909  1030  1047  1169   814   706   878
Pr0621 51970   613   706   924   862   561   739   947   929   806   933
Pr0621 51980  1379  1190  1016   794  1172  1206  1079   825   761   730
Pr0621 51990   825  1095  1191  1110   777   649   664   791   918  1046
Pr0621 52000  1323  1197  1435  1432  1019   943   881  1427  1810  1522
Pr0621 52010  1237  1328 -9999
Pr0622 41844  1650  1758  1486  1244  2023  1289
Pr0622 41850  1569  1798  1762  1293  1417  1465  1461  1815  1298  1418
Pr0622 41860  1079  1481  1757  1728  1722  1906  1376  1485  1016  1015
Pr0622 41870  1012  1292   768  1137  1260  1072   981  1205  1267  1206
Pr0622 41880  1238  1333  1490  1426  1330  1473  1061   857   760  1172
Pr0622 41890  1236  1394  1302  1302  1079   920   920   729   950  1078
Pr0622 41900  1015  1206   984  1173  2032  1489  1234   790  1351  1603
Pr0622 41910  1068   877   758  1073  1327  1077  1141   936  1126  1270
Pr0622 41920  1651  1047  1096   857   967   917  1010  1165  1580  1387
Pr0622 41930  1545  1009  1069  1195  1192  1318  1228  1452  1074  1707
Pr0622 41940  1297  1333  1746  1110  1365  1617  1584  1236   792   824
Pr0622 41950   825  1111   889   889   889   825   635   948  1043  1265
Pr0622 41960   729   507   380   412   601   631   728   634   507   761
Pr0622 41970   602   632   600   660   599   751   619   757   697   776
Pr0622 41980   930   687   505   538   887   920   792   700   537   444
Pr0622 41990   637   664  1046   919   525   697   680   779   762  1188
Pr0622 42000  1396  1506  1546   963   944  1004   775  1368  1796  1288
Pr0622 42010  1190   905 -9999
Pr0623 51853  2756  1982  2599  1936  1744  1870  2476
Pr0623 51860  1726  2665  2440  2826  2776  2515  1802  1878  1016  1238
Pr0623 51870  1240  1659  1183  1323   983   884   903  1313  1382  1214
Pr0623 51880  1161  1738  1587  1419  1507  1419  1362  1300   978  1197
Pr0623 51890   805  1340  1438  1187  1092  1051  1525  1426  1519  1301
Pr0623 51900  1286  1512  1472  1372  1960  2597  1750  1184  1084  1048
Pr0623 51910   912   852   996   946  1045   929  1081  1021  1332  1280
Pr0623 51920  1247   655  1142   828   979  1226  1425  1425  1518  1459
Pr0623 51930  2402  1289  1456  1392  1161  1439   976  1224  1005  1138
Pr0623 51940  1051  1291  2002  1508  1240  1437  1364  1154  1082   939
Pr0623 51950   876  1349  1100   724   591   772   901  1396  1315  1742
Pr0623 51960   915   881   630   788   757   723   912   692   440   503
Pr0623 51970   409   440   376   487   483   627   598   727   760   950
Pr0623 51980  1045   949   979   664  1102  1164  1092   841   654   687
Pr0623 51990   593   788  1302  1545  1085   927   850   962   897   962
Pr0623 52000   996   969  1036  1260   940   679   547  1036  1360  1008
Pr0623 52010  1001   829 -9999
