Pr0801 21938   438   492
Pr0801 21940   667   773  1067   526   745   906   629   740   356   476
Pr0801 21950   634  1060   908   921  1135  1336  1039  1933  1656  1563
Pr0801 21960   854   696   561   435   837  1187  1169  1043  1046  1602
Pr0801 21970  1050  1391  1596  1776  1536  1786  1760  1363  1622  1735
Pr0801 21980  1677  1996  1985  2030  1997  1786  2697  2291  2072  1318
Pr0801 21990  1835  2090  1838  1332  1420  1139   822   945  1893  2212
Pr0801 22000  1992  2191  2253   825   730   984   952  1460  1905  1647
Pr0801 22010  1204  1231 -9999
Pr0803 21917  1571   810   825
Pr0803 21920   762  1079   809   714   984  1046  1079  1079  1270  1508
Pr0803 21930  1191   602  1554  1205  1079  1556  1238  1491  1780  1175
Pr0803 21940  1084  1503  1767  1420  1573  1917  1397  1238   825   886
Pr0803 21950   918   919  1141   916   696   790   758   980  1880  1698
Pr0803 21960  1046  1170   948  1138  1323  1512  1422   951  1174  1331
Pr0803 21970   981  1324  1166  1073   822   791  1234   950   950  1520
Pr0803 21980  1680  1427  1395   983  1460  1523  1492  1777  1301   984
Pr0803 21990   889   984   889   921   667   476   381   698   949   881
Pr0803 22000   881  1012   887   444   571   635   825   634   761   539
Pr0803 22010   539   603 -9999
Pr0805 51719  1623
Pr0805 51720  1476  1892  3426  3132  2529  2622  1749  1044   745   238
Pr0805 51730   383  1777  1329  1547  1931  1583  1829  1954  2948  2315
Pr0805 51740  1942  1377  1063  1384  1846  1275  1287  1756  1695  1696
Pr0805 51750  1695  1294  1393   997   935   725   918   791  1011   789
Pr0805 51760   824  1106  1693  2550  2239  2286  1676  1806  1520  1616
Pr0805 51770  1014  1554  1457  2310  1802  1673  1261  1165  1601  1506
Pr0805 51780   850   814   860   733   903   770   493   905  1079   953
Pr0805 51790   793   910   728   642   490   698   691   466   528   777
Pr0805 51800   747   903  1313   876   626   657  1062  1468   750   438
Pr0805 51810   629   566   692   731   341   599   441   526   359   601
Pr0805 51820   539   538   475   507   317   412   349   349   444   444
Pr0805 51830   381   444   412   348   348   285   276   190   252   205
Pr0805 51840   251   316   278   411   475   507   412   348   507   348
Pr0805 51850   412   380   412   379   410   307   291   345   347   382
Pr0805 51860    89   252   291   245   253   253   339   230   253   307
Pr0805 51870   221   142   173   166   259   298   268   220   173   260
Pr0805 51880   221   284   315   441   410   538   507   349   349   292
Pr0805 51890   332   155   192   252   203   192   220   221   220   205
Pr0805 51900   220   220   126   236   203   252   158   220   252   252
Pr0805 51910   204   204   189   220   251   267   314   329   251   267
Pr0805 51920   315   221   245   277   333   371   410   317   482   308
Pr0805 51930   341   190   300   316   237   332   269   269   332   332
Pr0805 51940   426   396   466   451   370   442   451   490   411   419
Pr0805 51950   578   561   505   473   608   558   574   527   514   338
Pr0805 51960   530   480   403   489   489   490   410   473   490   363
Pr0805 51970   300   418   602   547   410   379   442   370   570   705
Pr0805 51980   601   458   412   347   428   492   332   274   310   250
Pr0805 51990   334   315   363   362   426   269   329   318   285   489
Pr0805 52000   537   300   316   316   395   250   318   347   537   629
Pr0805 52010   538   313 -9999
Pr0806 41731  1942  2177  2253  2156  1812  1291  1810  2106  1386
Pr0806 41740  1327  1018  1151  1584  2179  2338  2651  2025  2380  2528
Pr0806 41750  2617  1910  2055  1398  1195   891  1318  1132  1212  1049
Pr0806 41760  1080  1018  1053  1486  1232  1817  1940  1749  1601  1604
Pr0806 41770  1133  1196  1196  1407  1355  1572  1066  1216  1467  1533
Pr0806 41780  1001  1314  1188   752  1002  1251   973  1164   788   914
Pr0806 41790  1071   979   728  1298   854   794   794   730   889  1016
Pr0806 41800   889   889  1270   982   570   761   760  1110   855   507
Pr0806 41810   475   600   536   603   317   571   285   507   253   507
Pr0806 41820   380   317   411   285   285   412   349   349   444   285
Pr0806 41830   253   443   444   444   348   379   317   273   267   216
Pr0806 41840   284   314   252   378   315   442   473   414   587   360
Pr0806 41850   508   381   444   603   571   476   571   571   508   667
Pr0806 41860   317   381   349   476   349   476   381   444   349   317
Pr0806 41870   285   285   254   317   317   254   317   349   354   249
Pr0806 41880   159   254   317   286   317   286   286   190   159   286
Pr0806 41890   190   190   159   180   137   190   317   254   349   412
Pr0806 41900   254   285   254   222   190   180   127   143   121   254
Pr0806 41910   212   169   349   190   190   317   348   317   323    95
Pr0806 41920   185   212   105   180   169   286   222   222   317   317
Pr0806 41930   450   343   317   380   317   443   316   348   444   476
Pr0806 41940   444   507   348   569   443   632   443   380   348   411
Pr0806 41950   443   475   506   443   494   481   345   468   469   471
Pr0806 41960   407   437   281   375   563   689   753   472   694   568
Pr0806 41970   314   502   503   471   345   470   470   313   314   471
Pr0806 41980   472   441   568   379   442   379   418   309   244   253
Pr0806 41990   268   252   236   221   220   174   205   330   283   346
Pr0806 42000   436   347   379   480   285   173   253   324   378   369
Pr0806 42010   299   426 -9999
Pr0808 51726  3611  3475  3859  3677
Pr0808 51730  3745  3005  3494  3409  3147  2599  3620  3782  3361  3267
Pr0808 51740  2821  1992  2367  1560  2009  2559  2524  1857  2140  2989
Pr0808 51750  2748  1665  2229  1995  1591  1913  2395  1948  1346  1257
Pr0808 51760  1260  1634  1440  1604  1321  2140  1873  2221  2014  2075
Pr0808 51770  1401  1189  1098  1225  1556  1320  1230  1357  1866  1421
Pr0808 51780   982  1043  1167  1041  1130  1227  1104  1418  1391  1298
Pr0808 51790  1010  1202  1014  1300   859   979   825   698   635   698
Pr0808 51800   508   730   921   667   539   635   381   889   730   571
Pr0808 51810   793   603   666   603   476   508   603   920   666   602
Pr0808 51820   395   270   253   348   179   233   369   265   316   316
Pr0808 51830   348   443   411   505   473   442   473   473   442   474
Pr0808 51840   443   568   630   755   629   723   692   694   881   566
Pr0808 51850   629   723   723   849   846   912   535   566   661   694
Pr0808 51860   442   505   505   600   602   760   665   634   349   444
Pr0808 51870   507   444   444   444   412   476   571   508   476   635
Pr0808 51880   508   508   413   444   508   540   571   413   476   507
Pr0808 51890   476   476   475   317   412   285   539   412   354   376
Pr0808 51900   317   317   211   391   412   317   317   285   412   412
Pr0808 51910   285   412   507   412   317   448   364   264   349   254
Pr0808 51920   348   284   285   381   381   476   539   380   444   317
Pr0808 51930   380   380   475   475   443   411   473   379   316   379
Pr0808 51940   537   538   601   569   506   600   442   442   379   663
Pr0808 51950   632   537   537   506   507   475   539   412   539   602
Pr0808 51960   634   476   317   412   539   538   602   602   570   633
Pr0808 51970   412   570  1046   825   856   792   735   601   594   726
Pr0808 51980   537   473   630   526   671   660   692   315   400   330
Pr0808 51990   331   298   316   341   347   291   222   237   299   395
Pr0808 52000   483   442   442   430   439   299   221   277   474   474
Pr0808 52010   380   443 -9999
Pr0809 51735  2413  2186  2905  3612  2505
Pr0809 51740  2021  2202  1688  2439  2479  2549  2366  1856  1675  2377
Pr0809 51750  2139  1906  1685  1359  1425  1724  1739  1870  2108  1706
Pr0809 51760  1143  1402  1694  1838  1852  1962  1790  1997  1834  1815
Pr0809 51770  1828  1517  1375  1600  1309  1524  1465  1576  1827  1790
Pr0809 51780   957  1328  1379  1163  1661  1128  1065  1540  1204  1071
Pr0809 51790  1198  1200   966  1087   642   673   814   749   658   531
Pr0809 51800   810   938  1003  1115   707  1325  1279  1349  1098   874
Pr0809 51810   869   934  1187   811   686   873   907  1107   915   978
Pr0809 51820   915   883   914   945   756   887   725   696   760   633
Pr0809 51830   506   600   756   687  1031   812   782   687   530   561
Pr0809 51840   711   709   701   849  1065  1342  1020   614   786   667
Pr0809 51850   954   869   991   940   962   986   688   700   589   736
Pr0809 51860   500   647   588   615   624   689   657   507   447   447
Pr0809 51870   388   388   388   508   361   515   392   337   398   427
Pr0809 51880   519   518   589   621   528   687   564   595   438   469
Pr0809 51890   437   312   405   436   529   559   528   170   171   190
Pr0809 51900   157   214   267   168   251   252   252   315   252   255
Pr0809 51910   268   266   316   316   379   348   348   349   444   348
Pr0809 51920   349   380   349   475   380   538   539   635   508   540
Pr0809 51930   667   508   540   635   667   571   476   444   540   540
Pr0809 51940   540   381   381   384   346   381   444   444   286   571
Pr0809 51950   634   665   696   567   538   539   634   634   728   601
Pr0809 51960   601   600   475   507   476   412   508   539   666   602
Pr0809 51970   570   606   754   693   693   600   664   505   600   695
Pr0809 51980   884   695   821   631   727   823   570   696   539   507
Pr0809 51990   507   539   539   508   381   416   441   476   603   729
Pr0809 52000   793   475   730   654   551   444   507   603   730   702
Pr0809 52010   393   555 -9999
Pr0810 61728  2114  1765
Pr0810 61730  1031  1763  1640  1425  1091  1323   962  1025  1089  1414
Pr0810 61740   926   713   839   779  1264  2026  2148  2215  2189  1810
Pr0810 61750  1810  1683  2348  2156  1803  1581  1419  1772  1522  1554
Pr0810 61760  1428  2663  2749  2390  1266  2728  1958  1740  2634  2755
Pr0810 61770  2092  2471  2760  2859  2537  2952  2029  2434  2986  2533
Pr0810 61780  1837  2344  1613  1545  2203  1922  1122  1555  1838  2282
Pr0810 61790  2318  1395  1573  1568  1333  1651  1333  1524  1587  1837
Pr0810 61800  1587  1873  2159  1716   969  2105  1933  2178  1970  1458
Pr0810 61810  1186  1328  1343  1300  1079  1270  1236  1446  1265  1492
Pr0810 61820  1047   761   888  1174   825   666   888   920   857  1111
Pr0810 61830   921   825   667   794   698   793   794   761   888   951
Pr0810 61840  1078  1204  1178   852   984   920  1015   919  1046   889
Pr0810 61850  1206   825  1175  1617  1078  1301  1143   952   920  1206
Pr0810 61860   889   635   571   730   571   635   761   793   571   603
Pr0810 61870   602   507   537   600   473   505   567   504   536   567
Pr0810 61880   567   504   566   473   380   506   475   380   316   443
Pr0810 61890   380   411   285   316   380   285   412   149    95   231
Pr0810 61900   254   222   285   411   412   285   317   349   412   412
Pr0810 61910   317   380   412   254   381   412   349   381   476   475
Pr0810 61920   380   601   537   442   442   663   885   792   824   824
Pr0810 61930   857   698   854   571   698   794   571   603   767   565
Pr0810 61940   722   761   867   730   603   864   627   762   540   762
Pr0810 61950   698   762   794   564   770   984   984   921   952   847
Pr0810 61960   799   758   634   603   730   730   856   729   594   674
Pr0810 61970   539   697   641   532   635   500   555   349   460   571
Pr0810 61980   516   412   508   444   381   483   469   389   381   278
Pr0810 61990   286   381   381   341   357   404   349   348   420   402
Pr0810 62000   418   465   443   449   449   315   300   417   542   465
Pr0810 62010   378   512 -9999
Pr0811 51735  2147  1225  1427  1750  1899
Pr0811 51740  1165  1217  1055   826  1076  1276  1224  1230  1206   972
Pr0811 51750  1654  1388   778  1059  1161  1012  1673  1156   838   968
Pr0811 51760  1036  1301  1463  1766  1823  2377  1909  1871  1550  1689
Pr0811 51770  1092   903  1525  1932  1985  1884  1827  1451  1637  1513
Pr0811 51780  1638  1701  1970  1466  1734  2192  1597  1700  1629  1340
Pr0811 51790  1810  1494  1475  1716  1198  1095  1135  1077  1007  1444
Pr0811 51800  1162  1801  2113  1764  1442  1954  1504  2053  1714  1204
Pr0811 51810  1113  1019  1110  1171   842   873   935  1110   862  1050
Pr0811 51820   599   599   745   682   587   715   557   680   617   557
Pr0811 51830   525   714   715   936   779   656   501   439   499   372
Pr0811 51840   434   527   528   497   558   687   834   681   896   789
Pr0811 51850   853   742   680   772   782   720   657   503   535   756
Pr0811 51860   442   568   472   696   565   688   529   405   339   340
Pr0811 51870   295   321   247   311   311   299   234   283   376   344
Pr0811 51880   312   339   337   402   406   531   499   342   299   295
Pr0811 51890   282   282   313   251   251   219   315   192   282   221
Pr0811 51900   220   188   220   251   189   189   189   158   284   378
Pr0811 51910   283   222   315   235   265   252   315   379   536   409
Pr0811 51920   442   315   283   302   390   504   472   501   625   531
Pr0811 51930   530   532   625   406   626   500   437   437   529   437
Pr0811 51940   611   606   499   529   498   559   436   529   375   564
Pr0811 51950   635   593   720   533   627   627   540   372   628   534
Pr0811 51960   534   442   378   441   506   665   537   410   346   335
Pr0811 51970   231   346   411   317   508   348   410   411   439   383
Pr0811 51980   341   348   348   316   284   316   290   285   285   174
Pr0811 51990   221   200   259   190   279   348   253   380   317   307
Pr0811 52000   365   396   295   196   350   254   270   263   349   355
Pr0811 52010   254   222 -9999
Pr0812 61742  2571  1788  1990  1828  2182  1864  2009  1660
Pr0812 61750  1711  1739  1893  1535  1673  1488  2041  1215  1464  1106
Pr0812 61760  1256  1401  1717  2038  1558  2307  1887  1772  1910  1637
Pr0812 61770  1282  1614  1684  2007  2409  2757  2064  2189  2555  2348
Pr0812 61780  1522  1586  1556  1175  2500  1614  1363  1641  1390  1492
Pr0812 61790  1587  1524  1047   920   857   889   857  1015   857   793
Pr0812 61800  1143  1492  1397  1205   823   907   594   968   810   776
Pr0812 61810   900  1117  1082  1062   890  1039   961  1080   893  1360
Pr0812 61820  1220   785   852   665   650   803   587   743   754   819
Pr0812 61830   567   632   603   889   761   666   633   570   412   412
Pr0812 61840   317   443   442   538   569   664   632   474   411   253
Pr0812 61850   379   442   441   505   504   473   473   378   316   411
Pr0812 61860   316   379   253   348   411   473   377   378   316   252
Pr0812 61870   221   253   253   381   316   253   317   348   443   601
Pr0812 61880   411   505   505   411   411   285   317   349   317   317
Pr0812 61890   349   317   333   111   143   428   397    95   111   174
Pr0812 61900   205   253   221   253   347   409   441   344   471   346
Pr0812 61910   346   408   473   441   472   566   410   348   632   475
Pr0812 61920   571   571   666   666   825  1171  1010   916   947  1326
Pr0812 61930  1574  1133  1164  1102  1040  1257   785   971  1221  1282
Pr0812 61940  1223  1478  1791  1005  1194   880   624  1017   896   863
Pr0812 61950   865  1268  1212   907  1071  1196   975  1011   979   979
Pr0812 61960   885   821   663   819   726  1075  1012  1043   854   727
Pr0812 61970   569  1008   725   725   694   692   787   629   596   621
Pr0812 61980   590   622   716   720   751   813   846   750   438   407
Pr0812 61990   438   376   313   344   473   472   472   409   443   728
Pr0812 62000   728   634   635   540   508   444   476   412   507   571
Pr0812 62010   539   697 -9999
Pr0813 21925  1746  1776  1582  1704  1324
Pr0813 21930  1406   863   960   913   881  1039   661   911  1163  1163
Pr0813 21940  1162  1292  1167   883   817   726   760   728   539   856
Pr0813 21950   602   792  1299   887   996   742   411   697   664   917
Pr0813 21960   506   569   285   348   473   599   475   568   631   584
Pr0813 21970   424   753   816   472   534   502   534   819   887   634
Pr0813 21980   825   571   635   603   857   983   666   571   285   286
Pr0813 21990   254   349   286   349   317   444   380   410   632   728
Pr0813 22000  1167  1141  1123   974  1386  1075   982  1455  1328  1547
Pr0813 22010  1709  1360 -9999
Pr0814 21938  1333  1270
Pr0814 21940  1407  1571  1431  1121  1474  1506  2078  1576   729   919
Pr0814 21950  1157  1289  1352   686   782   910   535   901  1212  1118
Pr0814 21960   844   912   941   697  1039  1219   781   970   758   942
Pr0814 21970   505   973  1195   945   879   907  1305  1485  1617  1839
Pr0814 21980  1861  1815  1767  1552  2221  2569  2126  2191  1963  1333
Pr0814 21990  1523  1458  1552  2571  2032  1778  1680  1738  2603  3370
Pr0814 22000  2868  3482  3428  1964  2286  2286  2381  3395  3397  3013
Pr0814 22010  2691  2371 -9999
Pr0815 51728  1111  1651
Pr0815 51730   899   669   712   720   905   688   667   827  1041   814
Pr0815 51740   635   430   443   443   505   505   661   694   482   654
Pr0815 51750   515   403   405   354   186   102   213   268   266   236
Pr0815 51760   418   950   942  1443  1172  1547  1307  1154  1635  1601
Pr0815 51770  1127  1006  1282  1320  1369  1208  1015   861  1064  1131
Pr0815 51780   757   599   917  1042  1107   753   760   885   760   920
Pr0815 51790  1239   948   789   887   602   856   792   793   664   537
Pr0815 51800   694   725   942  1036   911   754   944  1229   978   536
Pr0815 51810   758   757   661   687   624   905   874   718   186   936
Pr0815 51820  1170   855   633   126   111   127   126   266   345   440
Pr0815 51830   656   652   962   873  1300  1484  1310  1116   899   780
Pr0815 51840   748   904   934  1124  1034   941   942   847  1304   652
Pr0815 51850   745   841  1148  1369  1155   997   780   750   658   754
Pr0815 51860   535   695   664   760   854   757   631   569   726   505
Pr0815 51870   505   633   631   444   476   603   698  1143  1428  1141
Pr0815 51880  1107  1294  1131   820   759   918  1143  1016   793   825
Pr0815 51890   603   635   603   539   476   476   729   634   665   951
Pr0815 51900  1079  1048   983   951  1016  1176   982   730   825  1077
Pr0815 51910   568   945  1069   837   866  1049  1155   936  1093  1027
Pr0815 51920  1177   835   625   630   973  1294  1008  1007  1072  1137
Pr0815 51930  1253   818   726   664   663   603   412   474   633   665
Pr0815 51940   571   601   569   533   566   663   631   473   567   662
Pr0815 51950   632   599   663   569   570   507   476   475   692   661
Pr0815 51960   663   632   507   412   698   764   664   762   571   603
Pr0815 51970   571   855   570   476   414   206   459   286   411   348
Pr0815 51980   442   377   314   315   378   284   284   253   192   173
Pr0815 51990   206   174   158   171   190   224   174   296   315   378
Pr0815 52000   473   442   471   313   438   377   360   420   375   409
Pr0815 52010   409   343 -9999
Pr0816 61729  3615
Pr0816 61730  2301  3349  3670  3095  2757  2385  2718  1947  2722  3101
Pr0816 61740  2551  1930  1471  1044  1627  2260  1781  1760  1941  1334
Pr0816 61750  1517  1973  1302  1289  2103  1019  1401  1525  1952  1619
Pr0816 61760  1754  1971  1557  2430  1962  2623  1718  1602  1302  1840
Pr0816 61770  1030  1019  1474  1738  1787  1497  1646  1728  2369  2008
Pr0816 61780  1207  1229  1152   908  1571  1395   867  1084   992  1049
Pr0816 61790   900   828   853   878   465   575   939  1064   401   828
Pr0816 61800  1383  2096  2361  1884  1740  1393  1422  1639  1226  1221
Pr0816 61810  1472  1000   967   874   810   934  1058  1643  1090   968
Pr0816 61820   811   658   502   722   473   727   474   348   443   380
Pr0816 61830   348   317   444   444   537   503   471   503   346   473
Pr0816 61840   346   472   409   473   694   537   442   347   379   411
Pr0816 61850   506   444   507   792   820   914   884   726   632   791
Pr0816 61860   537   759   506   537   442   599   409   473   410   347
Pr0816 61870   376   251   282   345   345   377   409   409   346   409
Pr0816 61880   283   379   379   347   315   473   315   378   252   379
Pr0816 61890   284   348   317   317   380   348   475   317   506   473
Pr0816 61900   504   410   347   409   566   596   442   346   411   348
Pr0816 61910   316   221   316   253   316   316   285   316   412   316
Pr0816 61920   475   412   381   254   508   507   412   536   599   663
Pr0816 61930   659   498   346   565   652   622   481   418   530   471
Pr0816 61940   791   696   761   635   762   698   476   399   457   444
Pr0816 61950   414   505   508   444   412   412   412   284   397   362
Pr0816 61960   177   270   346   285   412   379   316   348   303   362
Pr0816 61970   222   349   507   285   286   253   381   413   444   349
Pr0816 61980   476   381   286   286   254   381   381   320   220   225
Pr0816 61990   175   172   222   190   286   286   254   349   285   349
Pr0816 62000   317   349   254   175   317   238   285   317   286   349
Pr0816 62010   349   349 -9999
Pr0818 61765   984   825  1047   947   766
Pr0818 61770   812   483   696   705   628   504   486   331   418   391
Pr0818 61780   392   386   307   452   853   726   567   626   619   724
Pr0818 61790   716   712   445   486   402   613   885   573   296   673
Pr0818 61800   686   701  1223  1511  1293  1562  1079  2045  1936  1136
Pr0818 61810  1255  1177   859  1509  1051  1526  1333  1682  1650  1828
Pr0818 61820  1627  1232  1346  1670  1538  1443  1168  1623  1994  1636
Pr0818 61830  1318  1363   919  1129   681   914  1046   835   632   425
Pr0818 61840   736   838   960  1111   974  1228  1443  1147  1241  1090
Pr0818 61850  1028  1023  1547  1891  1665  1460  1362  1570  1561  1904
Pr0818 61860  1230  1562  1439  1410  1630  1953  1519   954  1045   940
Pr0818 61870   633   683   687  1074   901   781   842   870   794  1210
Pr0818 61880   863   865   994  1059  1040   909   784  1066   816   785
Pr0818 61890   716   575   791   681   574   760   905   782  1097  1850
Pr0818 61900  1755  1289  1069   850   885   786   877   696   601   916
Pr0818 61910   569   788   990  1082  1298  1535  2439  2039  2234  1838
Pr0818 61920  2069  2037  1952  1419  2242  2333  1778  1851  1987  1885
Pr0818 61930  1963  1405  1869  1555  1109  1105   706  1116  1316  1037
Pr0818 61940   849  1199  1693   967  1110  1014   825   857   539   442
Pr0818 61950   461   616   727   537   792   476   667   729   825   635
Pr0818 61960   476   476   349   412   573   540   475   319   460   412
Pr0818 61970   349   317   413   412   333   365   365   349   380   349
Pr0818 61980   382   284   303   237   271   428   270   302   206   174
Pr0818 61990   191   206   206   190   175   238   190   190   127   238
Pr0818 62000   254   238   238   238   174   174   286   365   365   365
Pr0818 62010   444   413 -9999
Pr0819 41887  1810  2283  2154
Pr0819 41890  1484  1170   898  1501  1702  1626  2297  1091  2214  1981
Pr0819 41900  2910  3007  2893  3577  2972  3000  2956  2952  3180  3010
Pr0819 41910  2578  2700  2260  2734  3010  3185  2768  2062  2319  2124
Pr0819 41920  1995  1653  1766  1379  1835  2113  1669  1573  2099  2235
Pr0819 41930  2352  1324  1893  1468  1279  1791  1031  1490  1433  1838
Pr0819 41940  1815  1509  2008  1541  1859  1987  1482  1766  1609  1730
Pr0819 41950  1700  1708  1901  2002  1631  1855  1608  1705  2421  2748
Pr0819 41960  1923  1540  1256  2211  2342  2225  2476  1824  1857  1914
Pr0819 41970  1581  1609  1910  1538  1585  1287  1284  1096  1755  2164
Pr0819 41980  2431  1420  1158   940  1004   983  1237  1363  1205   888
Pr0819 41990   887  1014   824   792   950  1141  1332  1543  1542  1732
Pr0819 42000  1666  1883  1758  1255   913   881   788  1009  1184  1122
Pr0819 42010   850  1002 -9999
Pr0820 21898  1460   921
Pr0820 21900  1713  1520  1331  1144   969  1112  1366  1191  1486  1187
Pr0820 21910  1046   250  1266  1063  1374   768   565   541   543   696
Pr0820 21920   698   595   598   489   587   466   433   524   525   434
Pr0820 21930   372   341   309   186   340   186   155   248   372   434
Pr0820 21940   310   280   375   501   503   473   567   315   252   252
Pr0820 21950   409   506   633   634   443   601   254   349   697   697
Pr0820 21960   381   507   349   475   601   665   507   317   412   444
Pr0820 21970   317   381   476   381   349   444   349   349   349   635
Pr0820 21980   667   444   381   413   444   444   413   381   159   254
Pr0820 21990   317   476   952  1079   697   951   508   825   698   698
Pr0820 22000   667   730   571   381   476   698   921  1460  1394  1391
Pr0820 22010  1228  1132 -9999
Pr0822 21923  1290  1000   840   962   735  1036  1259
Pr0822 21930  1642   948  1244  1376  1193  1201   654   929  1126   845
Pr0822 21940   790   566   801   981   776   716   798   927   634   636
Pr0822 21950   763   780   910   755   918   822   678   947   981   654
Pr0822 21960   517   837   537   739   965   869   818   853   733   923
Pr0822 21970   625   745   928   618   462   555   649   658   690   973
Pr0822 21980  1066   907   939   658  1028   896   833  1142   935   880
Pr0822 21990   817  1100  1506  1957  2241  1452  1481  1499  2227  2686
Pr0822 22000  2571  2222  2063  1619  1746  1174  2063  2412  2412  2445
Pr0822 22010  2314  1714 -9999
Pr0823 31925  2157  1584  2104  2089  2163
Pr0823 31930  2317  1517  2049  1361  1648  2037   857  1643  1830  1960
Pr0823 31940  1894  1899  1487  1808  1424  1771  1827  1373  1031  1423
Pr0823 31950  1742  1771  2094  1493  1945  1869  1616  1926  1583  1901
Pr0823 31960  1714  1983  1458  1001  1454  1790  1785  1309  1490  1441
Pr0823 31970  1145  1956  2221  1928  1721  1466  1716  1897  2012  2140
Pr0823 31980  1990  1395  1841  1524  1651  1333  1524  1968  1333   889
Pr0823 31990   982   982  1141  1331  1187  1023   899  1075  1263  2059
Pr0823 32000  3168  3073  2881  1442   967   598  1078  1870  2413  2222
Pr0823 32010  2222 -9999
Pr0824 21905  1806  1965  1479  1561  1450
Pr0824 21910  1431  1018  1809  1569  1077  1532   989   754   759   575
Pr0824 21920   757  1212   983   574   744  1123   621   670   910  1199
Pr0824 21930  1001   670   701   459   399   900   528   495   774   806
Pr0824 21940   469   596   718   783  1015  1177   581   702   522   717
Pr0824 21950   529   623   654   720   842   997   842   595   749   777
Pr0824 21960   435   590   435   435   466   559   622   529   629   724
Pr0824 21970   567   787   882   945  1010   790  1133   757   723  1195
Pr0824 21980  1200   697   825   730  1364  1492  1175  1175  1016   857
Pr0824 21990   889   856  1111  1365  1363  1360   980  1011  1230  1707
Pr0824 22000  3238  2603  2443  1682  1332   983  1079  1841  2235  1878
Pr0824 22010  1438  1655 -9999
Pr0825 21916  1968  1722  1406  1138
Pr0825 21920  1520  1644  1392  1351  1841  1771  1378  1287  1441  1379
Pr0825 21930  1440   984  1076   676   859   858   650  1054   965   648
Pr0825 21940   596   843  1213  1118   873   782   938   904   500   690
Pr0825 21950   715   737  1075   845   964   787   723   755   944   658
Pr0825 21960   533   722   409   569   886   948   940   721   790   854
Pr0825 21970   634   885   855   728   697  1172   950   918   883   912
Pr0825 21980  1008  1102  1039   908  1382  1599   879  1511  1385  1227
Pr0825 21990  1109  1045  1930  2021  1644  1066   951  1738  2445  3537
Pr0825 22000  2457  2799  1776   921  1205   855   950  1577  2178  1739
Pr0825 22010  1767  1952 -9999
Pr0826 11916  2064  1175  1098   916
Pr0826 11920  1173  1870  1462  1365  1365  1778  1206   952  1142   952
Pr0826 11930  1078  1014  1394  1014   857  1079   603   697   855   698
Pr0826 11940   476   603   824   919   762   571   508   508   412   603
Pr0826 11950   540   667   698   476   603   476   317   254   349   254
Pr0826 11960   190   254   158   190   222   222   222   190   190   222
Pr0826 11970    95   159   127   159   143   127    95   127    79   127
Pr0826 11980   127   143   111   143   111   317   253   412   349   444
Pr0826 11990   571   603   667   825   889   952   730   857  1143  1809
Pr0826 12000  2318  2349  1968   856  1285  1254  1397  1615  1551  1298
Pr0826 12010  1490  1476 -9999
Pr0827 21923  1075  1109  1492  1107   917   956  1026
Pr0827 21930  1141  1046  1026   606   863   690   402   939   879   762
Pr0827 21940   545   714   824   747   625   753   758   754   407   442
Pr0827 21950   618   528   924   610   855   976   607   705   886   732
Pr0827 21960   938   773   683   679   897   743   832   679   680   737
Pr0827 21970   589   685   839   683   624   533   627   846   784  1037
Pr0827 21980  1132   818   818   693  1294  1862  1517  1676  1707  1327
Pr0827 21990  1136  1671  2259  3212  3706  2324  1502  1477  1978  3371
Pr0827 22000  3112  2398  3038  1331  1426  1485  1390  2243  2527  2502
Pr0827 22010  3610  3484 -9999
Pr0828 21929  1233
Pr0828 21930  1459  1173  1740  1559  1376  1397   851  1185  1283  1195
Pr0828 21940  1007   921   768   892   906   920   830   856   581   954
Pr0828 21950  1064   885  1073   612  1416  1131   650  1037  1348  1049
Pr0828 21960   793  1315   920  1041  1321  1163  1037   938  1213  1003
Pr0828 21970   818  1053  1366  1210   899   926   840   893  1013  1347
Pr0828 21980  1197   936   935   623   991   774   683   839   618   405
Pr0828 21990   405   373   498   592   590   590   622   870   682  1536
Pr0828 22000  2019  1418  1198   536   566   659   660   879   816   783
Pr0828 22010   689   844 -9999
Pr0829 21940  1365  1301  1497  1259  1334  1774  1427  1438   957  1794
Pr0829 21950  1609  1451  1601  1620  1924  1825  1101  1147  1272  1063
Pr0829 21960   979  1275   947  1158  1299  1376  1316  1191  1501  1230
Pr0829 21970  1249  1640  1810  1691  1067  1473  1086   972  1873  2758
Pr0829 21980  2084  2313  1577  1069  1567  1567  1769  1723  1242   900
Pr0829 21990   748  1786  2825  3187  1687  1757  1804  2218  2774  3182
Pr0829 22000  2596  2470  2064  1143  1301  1459  2092  1521  1333  1142
Pr0829 22010  1460  1364 -9999
Pr0830 21943  2217  2234  1902  1766  1756  1593  1838
Pr0830 21950  1916  1633  1754  1286  1741  1588  1378  1494  1687  1569
Pr0830 21960  1334  1563  1144  1267  1498  1828  1365  1541  1266  1302
Pr0830 21970   765  1244  1255  1609  1596  1661  1480  1325  1406  1286
Pr0830 21980  1476  1289  1142   761  1267   982   919  1077   792   635
Pr0830 21990  1111   982  1712  1297   917   537   727  1014   950  1455
Pr0830 22000  1708  2047  1857   882   819  1107  1079  1365  1619  1238
Pr0830 22010   857  1056 -9999
Pr0831 21935  1492   909  1326  1640  1555
Pr0831 21940  1515  1447  1249  1256  1330  1285   944   769   622   623
Pr0831 21950   826   654  1099  1004  1034   865   862   948  1043   721
Pr0831 21960   755  1063   610   608  1082  1314  1032  1030  1439  1220
Pr0831 21970   845  1218  1339  1253  1259  1013   694   886   975  1292
Pr0831 21980  1228  1070  1102   850  1166  1481   852   979   692   629
Pr0831 21990   598   787  1385  1542  1296   853   601   634   634  1522
Pr0831 22000  1841  1428  1683   759   979   724   943   935  1403  1403
Pr0831 22010  1000  1065 -9999
