Pr0902 41893  3270  2671  2688  4577  2498  1980  2199
Pr0902 41900  2296  2597  2161  2213  2350  1805  1321  1496  1285  1325
Pr0902 41910  1574  1198  1187   974   988  1070  1046   519   548   385
Pr0902 41920   555   497   746   452   406   463   338   247   310   293
Pr0902 41930   437   315   300   362   206   283   330   394   204   221
Pr0902 41940   252   379   379   284   502   721   283   253   314   537
Pr0902 41950   790  1487  1701  1356  1262  1360   633   838  1696  1361
Pr0902 41960  1331  1204  1206  1302  1554  1872  1714  1714  2667  3270
Pr0902 41970  2064  3096  3936  3261  2134  2692  2114  1739  1898  2380
Pr0902 41980  3459  2603  2159  1778  2571  2373  1805  2183  2403  1993
Pr0902 41990  1931  1427  1746  1905  2000  2286  2302  2047  2286  2475
Pr0902 42000  1777  1802  1681  1707  1520  1742  1425  1674  2117  2397
Pr0902 42010  2360  2111 -9999
Pr0903 51901  2209  3224  3789  3371  3607  2288  2496  3224  2557
Pr0903 51910  2161  2598  2348  2780  2678  2205  2821  1930  1732  1842
Pr0903 51920  1437  1514  1173  1320  1249  1658  1759  1562  1707  1585
Pr0903 51930  1979  1147  1502  1543  1858  2308  1311  1650  1278  2246
Pr0903 51940  1952  2049  2426  1887  1982  2258  2104  1568  1786  1988
Pr0903 51950  2764  2936  2793  3682  3078  2953  1710  1831  2720  2794
Pr0903 51960  2635  1838  1932  1934  1807  2341  2186  2063  2445  2889
Pr0903 51970  1873  1460  1429  1332  1168  1074  1108  1011  1580  1550
Pr0903 51980  1803  1395  1350  1158  1237   856   793   698   666   602
Pr0903 51990   475   696   791   855   856   824   856   761  1108  1045
Pr0903 52000   888  1110  1237   983   778   521   601   727   853   942
Pr0903 52010   848   662 -9999
Pr0904 41902  2983  3328  3768  2834  2670  2270  1876  2358
Pr0904 41910  2728  3442  2931  2706  2393  2813  2791  2136  1923  2242
Pr0904 41920  1844  1749  1481  1489  1495  1869  1623  1292  1723  1320
Pr0904 41930  1955  1957  2856  2178  1627  1469  1063  1340   903  1370
Pr0904 41940  1128  1513  2439  2375  1804  1837  1554  1237  1937  1873
Pr0904 41950  1651  1460  1429  1968  2222  2507  1777  1397  2126  2555
Pr0904 41960  2399  2085  1997  1810  1936  1651  1714  1492  1872  1364
Pr0904 41970  1172  1173  1299  1012   821   852   698   698   696   886
Pr0904 41980  1075   820   951   856   887   952  1079  1142   888   889
Pr0904 41990   762   761   888  1109  1045   444   317   316   505   567
Pr0904 42000   534   598   472   410   379   569   411   664   822   569
Pr0904 42010   631   599 -9999
Pr0906 41889  1649
Pr0906 41890   888  1389  1771  1553  2397  2508  2681  2270  2539  2191
Pr0906 41900  2191  2286  2286  2413  2366  2124  1596  1679  1711  1455
Pr0906 41910  1933  1994  2157  2190  2064  1619  2127  1775  1489  1586
Pr0906 41920  1524  1206  1142  1238  1523  2031  1618  1619  1711  1236
Pr0906 41930  1826  1638  1769  1614  1047  1077   918  1297  1483  1573
Pr0906 41940  1451  1297  1992  1738  1637  1825  1543   882  1135  1072
Pr0906 41950  1198  1322  1354  1356  1737  1829  1385  1034  1478  1956
Pr0906 41960  1736   978  1202  1205  1365  1079  1079  1111   920  1016
Pr0906 41970   916   872  1148   902   846   850   567   506   601   887
Pr0906 41980   757   632   505   598   726   537   474   570   379   507
Pr0906 41990   507   476   476   474   413   570   411   442   332   363
Pr0906 42000   411   444   253   254   269   301   333   206   411   285
Pr0906 42010   379   475 -9999
Pr0907 41912  2532  2507  3000  3561  2557  1514  1696  2339
Pr0907 41920  1942  2317  1649  1384  1996  2655  1772  1351  1884  2440
Pr0907 41930  3008  1494  2621  1566  1463  1568  1165  1276  1169  1870
Pr0907 41940  1209  1720  2262  2023  2142  2334  1740  1829  1385  2016
Pr0907 41950  1839  2106  1886  2137  1612  1944  1561  1462  2023  2348
Pr0907 41960  1285   877   720   939  1133  1008  1199  1041  1488  1899
Pr0907 41970  1772  1866  2276  2312  2061  1998  1904  1682  1683  1492
Pr0907 41980  1491  1047   952   730   762   571   698   667   571   603
Pr0907 41990   508   381   508   603   667   857   825   571   697   666
Pr0907 42000   697   792   823   852   850   726   788  1007  1388  1419
Pr0907 42010   978  1103 -9999
Pr0908 41898  2055  2571
Pr0908 41900  2154  2112  2094  1939  1805  1804  1126   814   885   480
Pr0908 41910   618   814   760   758   520   994   810   371   399   354
Pr0908 41920   334   350   206   311   575   830   356   487   500   386
Pr0908 41930   411   302   522   420   309   480   254   312   370   344
Pr0908 41940   346   479   539   609   793   675   709   893   726   536
Pr0908 41950   869   866   893  1138  1068  1709  1430  1361  1428  1557
Pr0908 41960  1435  1267  1696  1539  1901  1472  1418  1170  1262  1222
Pr0908 41970  1311  1247  1789  1458  1243  1385  1172  1267  1705  1548
Pr0908 41980  2120  1959  2036  1718  1892  2279  1579  1927  2181  2502
Pr0908 41990  2688  1915  2237  2818  1617  1866  1478  1448  2079  2603
Pr0908 42000  2285  1650  2093  1808  1618  1650  1301  1556  1776  1618
Pr0908 42010  1301  1237 -9999
Pr0909  1891  3239  3817  4049  3024  2838  3095  2491  2131  2731
Pr0909  1900  2764  2178  2578  2310  2354  1924  1483  1507  1487  2036
Pr0909  1910  1853  1519  1695  2322  2319  3239  2463  1956  1880  1602
Pr0909  1920  1987  2590  1486  1515  1953  2357  2445  2185  1769  2811
Pr0909  1930  3287  2634  2417  2759  2190  2665  1871  2566  2249  2862
Pr0909  1940  3196  2278  2953  3045  2665  2346  2938  2499  1905  2372
Pr0909  1950  3008  2401  2522  2548  2537  2087  1106  1173  1490  2031
Pr0909  1960  1810  1766  1355  2040  3164  2895  3240  3267  2875  2629
Pr0909  1970  1615  1457  1174  2031  1587  1522  1110  1397  1460  1460
Pr0909  1980  1683  1302  1397   889  1079  1143  1270  1619  1301  1236
Pr0909  1990   950   888  1110  1428  1206  1460  1205  1460  1365  1365
Pr0909  2000  1079  1397  1143   825   794   730   920  1300  1646  1751
Pr0909  2010  1875  1378 -9999
Pr0910 41897  2307  2480  2263
Pr0910 41900  2262  2491  2317  2168  2239  2106  2086  1806  1835  1748
Pr0910 41910  1832  2650  2429  2311  2039  1896  2559  1752  1804  1500
Pr0910 41920  2198  2446  1419  1510  2071  1761  1743  1599  1522  1265
Pr0910 41930  2255  1608  1342  1125  1280  1632  1324  1349  1622  2142
Pr0910 41940  1951  2201  2570  2724  2830  2285  2175  2105  2032  2285
Pr0910 41950  2162  1651  1671  1052  1836  1955  2127  2316  4205  4048
Pr0910 41960  3714  2984  2476  2286  2762  2654  2318  2762  2857  2157
Pr0910 41970  1841  1873  1961  1579  1612  1460  1397   983  1076  1329
Pr0910 41980  1486  1169  1258  1390  1484  1294  1608  1771  1394  1236
Pr0910 41990  1077   945  1167  1237  1301  1142  1111  1206  1476  1349
Pr0910 42000   952  1492  1682  1142  1109  1268  1236  1106  1234  1551
Pr0910 42010  1584  1332 -9999
Pr0912 31898  2282  2595
Pr0912 31900  2465  2040  1795  1909  1832  1740  1140  1430  1807  1501
Pr0912 31910  1390  1898  1042  1376  1708  2065  1727  1653  1482  1545
Pr0912 31920  1224  1267   824   759  1331  1332  1107  1189  1404  1491
Pr0912 31930  1739   950   856   730   762  1079   603   633   728   951
Pr0912 31940   760  1012  1203   855  1076   791   792   730   508   698
Pr0912 31950   824   825  1109  1264  1172  1744  1174  1237  1364  1901
Pr0912 31960  1331  1363  1524  1269   952  1523  1902  1544  1888  1857
Pr0912 31970  1643  1203  1426  1393  1711  1519  1517  1574  1904  1713
Pr0912 31980  1776  1237  1174  1111  1710  1419  1442  1961  1438  1000
Pr0912 31990   813   785   756   725  1100  1078   761   793  1237  1585
Pr0912 32000  1521  1836  1711  1172   759   632   569   695  1010  1328
Pr0912 32010  1106  1094 -9999
Pr0913 41909  1016
Pr0913 41910  1460   757  1359  1246  1172  1605  1094   845  1006  1208
Pr0913 41920   804  1340  1051  1375  1893  1180  1088   849  1094  1126
Pr0913 41930  1391  1515  1608  1130   844   700   537   749  1023  1347
Pr0913 41940   752   998  1101  1011   927  1267  1278  1438  1412  1202
Pr0913 41950  1645  1581  2045  2334  1897  2086  1422  1615  1934  1873
Pr0913 41960  1206  1365  1397  1429  1810  1746  1936  1460  2254  2441
Pr0913 41970  2507  2699  3048  2826  2127  1870  2378  2061  2381  1810
Pr0913 41980  2189  1616  1585  1300  1930  1925  1516  2551  2773  2315
Pr0913 41990  1873  1649  2062  2254  1675  2013  1413  1460  1204  1457
Pr0913 42000  1458  1998  1442  1792  1143  1205  1458  2059  2219   951
Pr0913 42010  1174  1397 -9999
Pr0914 31898  3112  3060
Pr0914 31900  2400  2354  2127  1933  2496  1897  1778  1486  1642  1404
Pr0914 31910  1305  1793  1661  1363  1417  1500  1387  1165   948  1108
Pr0914 31920   980  1226   786   879   816  1220  1319  1132  1228  1235
Pr0914 31930  1265   983  1268  1107   917   980   601   885   787   909
Pr0914 31940   787   854  1078  1206  1111  1143  1016  1143  1206  1015
Pr0914 31950  1142   857  1111   952   857  1238  1713  1362  1551  2090
Pr0914 31960  1456  1015   950  1202   984  1269  1111  1138   943   820
Pr0914 31970   884   790  1035  1097  1085   899  1092   873   966  1217
Pr0914 31980  1261  1103  1040   851   787   944   881   912   754   601
Pr0914 31990   696   790   755   880   916   853   663   631   504   535
Pr0914 32000   470   407   405   500   470   688   500   502   566   625
Pr0914 32010   439   394 -9999
Pr0915 41887  1587  1460  2630
Pr0915 41890  2498  2814  3196  2378  1871  3302  5011  3109  3166  2006
Pr0915 41900  2122  1936  1873  2286  2412  1983  1064   760   730   825
Pr0915 41910  1111   824   888   762   730  1079   920   635   571   540
Pr0915 41920   667   635   444   508   730   762   571   571   635   727
Pr0915 41930   983   822   854   822   569   633   348   285   285   474
Pr0915 41940   411   442   693  1008  1010  1206  1079   984   794   827
Pr0915 41950   760  1079  1270  1587  1175   888   888   952  1397  1585
Pr0915 41960  1682  1809  1175  1016  1555  1270  1367  1267  1619  1917
Pr0915 41970  1769  1749  1722  1322  1008  1328  1585  1298  1827  1523
Pr0915 41980  1853  1524  1273   790   825   889   952   920  1142  1047
Pr0915 41990   921   983  1391  2161  2213  1808  1079   921  1111  1143
Pr0915 42000   889   939   698   698   634   554   667  1016   919   791
Pr0915 42010   825   634 -9999
Pr0916 31906  1650  2614  2370  1952
Pr0916 31910  1893  2062  1752  1327  1715  2090  1893  1123  1387  1419
Pr0916 31920  1653  1253   985  1227  2065  1878  1611  1487  1579  1554
Pr0916 31930  1896  1570  1233  1208  1585  1610   991  1239  1398  1997
Pr0916 31940  1660  1633  1556  2069  1284  1157  1188  1190   785   910
Pr0916 31950  1466  1060  1467  1492  1267  1523  1368  1393  1684  2013
Pr0916 31960  2002  1991  1523  1492  2663  1770  2132  2229  1991  2089
Pr0916 31970  1805  1553  1774  1586  1332  1237  1048   730  1205  1203
Pr0916 31980  1552  1298  1300   793  1267  1204  1015  1045  1044   790
Pr0916 31990  1013   950  1045  1393  1204   888   762   920   825   889
Pr0916 32000   857   540   698   603   571   667   698   695   757   661
Pr0916 32010   598   503 -9999
Pr0917 41893  2984  2481  2990  2253  2020  2297  2301
Pr0917 41900  2103  1467  2170  2124  1860  1865  1193   983  1453  2017
Pr0917 41910  1385  1526  1708  1588  1473  2024  1687   997  1126  1097
Pr0917 41920  1087  1394   989   864  1272  1240  1088   658  1031   718
Pr0917 41930  1180  1118  1231   927   958   983   612   886  1207  1329
Pr0917 41940  1171  1280  1439  1982  1858  1674  1579  1263  1106  1453
Pr0917 41950  1358  1106  1202  1296  1202   985  1015  1111  1745  1713
Pr0917 41960  1491  1491  1365  1142  1713  1443  1270  1380  1666  2061
Pr0917 41970  1445  1365  1905  1983  1566  1355  1162  1288  1574  1704
Pr0917 41980  2147  1523  1397   984  1460  1555  1047  1079   952   667
Pr0917 41990   732   492   617   969  1060  1014   824   795   790   822
Pr0917 42000   821   697   603   825   825   825   666   889   952   873
Pr0917 42010   899   569 -9999
Pr0918 31902  4196  4150  3802  3195  2144  2782  3665  2959
Pr0918 31910  2788  2793  2236  2079  2221  2450  1740  1928  1803  1340
Pr0918 31920  1581  2026  1044   852  1429  1585  1555  1427  1583  1420
Pr0918 31930  1899  1491  1586  1460  1333  1236   918   981   874  1316
Pr0918 31940  1268  1239  1554  1573  1843  1733  1608  1544  1132  1068
Pr0918 31950  1198  1422  1921  1672  1543  1164  1263  1507  1963  2457
Pr0918 31960  1825  1911  1249  1284  1347  1253  1151  1083  1023  1180
Pr0918 31970   875   532  1064   720   845  1005   849   725   949   918
Pr0918 31980   983   728  1013   792  1205   856   507   919   602   570
Pr0918 31990   634   571   697   793   825   381   444   476   508   666
Pr0918 32000   730   698   444   444   317   317   349   476   571   603
Pr0918 32010   540   571 -9999
Pr0919 31905  2624  2019  2296  3407  2182
Pr0919 31910  2203  2647  2723  2091  1978  1863  1879  1785  1973  1688
Pr0919 31920  1890  1884  1470  1219  2178  2659  2146  2092  2049  2526
Pr0919 31930  3039  2160  2604  2471  1789  1716  1521  1517  1478  2511
Pr0919 31940  2801  2550  2306  1956  1984  1594  1342   925  1139  2063
Pr0919 31950  2230  1567  1569  1937  1816  1602  1320  1592  1941  2692
Pr0919 31960  2965  3099  2271  2017  2331  1699  1667  1599  1326  1656
Pr0919 31970  1173  1238  1635  1693  1330  1521   982   726  1119   798
Pr0919 31980  1373  1529  1595   941  1454  1301  1302   793   666   664
Pr0919 31990   698   793   761   952   603   794   794   730   920   713
Pr0919 32000   837   752  1032  1159  1099  1150   882   866  1184  1094
Pr0919 32010  1109   698 -9999
Pr0920 31893  2762  1444  2249  1982  1776  2189  2409
Pr0920 31900  1966  2380  2246  2435  1898  1831   939  1002   847  1097
Pr0920 31910   989  1634  1398  1202  1361  1617  1643  1523  1387  1071
Pr0920 31920  1576  1829  1324   824  1585  1255  1034   849  1042   947
Pr0920 31930  1592  1487  1228  1011  1044  1106   663   757  1040   914
Pr0920 31940   899   866  1133  1447  1069  1083   708   851   980   979
Pr0920 31950  1027   774  1201  1330  1460  1014  1332  1397  1206  1365
Pr0920 31960  1333  1175   921   698   952   778   714   762   698   762
Pr0920 31970   571   762   794  1016  1016   857   857   762   919   793
Pr0920 31980   951   888  1015   793  1001   904   856   696   570   475
Pr0920 31990   538   537   633   822   761   728   411   601   538   697
Pr0920 32000   602   664   571   539   475   538   571   538   681   649
Pr0920 32010   505   506 -9999
Pr0921 31898  2774  2595
Pr0921 31900  3323  2252  2402  2914  2586  2415  1596  1305  1815  1765
Pr0921 31910  1516  1555  1572  1555  1965  1991  1897  1568  1551  1648
Pr0921 31920  1408  1682  1341  1460  1639  1501  1491  1576  1337  1423
Pr0921 31930  2114  1415  1232  1442  1136  1238   825  1614  1966  1771
Pr0921 31940  1660  1280  1570  1383  1321  1246  1060   879   650   872
Pr0921 31950   970   692   853   659   726   599   787  1061  2076  2518
Pr0921 31960  1900  1834  1512  1551  2503  1708  1736  1423  1294  1107
Pr0921 31970   729   921  1270  1237  1011   852   886   950  1101   988
Pr0921 31980  1347  1038   819   505   664   696   822   978   726   599
Pr0921 31990   852   757   760  1105  1222  1238  1043  1035   931  1269
Pr0921 32000  1479  1060  1238  1051   634   917   950   951  1206   856
Pr0921 32010   920   571 -9999
Pr0922 41895  2532  2175  1315  1987  2507
Pr0922 41900  2327  1865  2288  2970  2585  2605  1627  2138  2477  2140
Pr0922 41910  2011  2147  2352  2305  1988  2509  1964  1895  1904  1833
Pr0922 41920  1699  2405  1197  1234  1586  2000  2000  2222  2536  1905
Pr0922 41930  2635  2381  2572  1460  1615  2222  1809  2159  1554  2187
Pr0922 41940  1993  1640  1746  2095  1492  1968  1838  1731  1272  2343
Pr0922 41950  2244  1985  1546  2216  2346  2155  1108  1233  1868  2472
Pr0922 41960  2434  1916  1333  1619  1867  1388  1273  1247  1194  1423
Pr0922 41970   916   789  1197  1296  1107  1107   886   855  1104  1127
Pr0922 41980  1252   783  1253  1037  1104   869   790   700   556   441
Pr0922 41990   619   436   623   779   904   779   659   659   660   723
Pr0922 42000   755   631   537   475   507   475   634   538   664   819
Pr0922 42010   683   678 -9999
Pr0923 41885  1524  1492  1499  1764  2256
Pr0923 41890  4022  3731  4839  3750  3704  3138  3806  3284  3168  3007
Pr0923 41900  3645  3638  2849  3334  2953  3129  2317  1713  1678  1840
Pr0923 41910  1677  1299  1665  2174  2220  2191  2216  1585  1809  1556
Pr0923 41920  1111  1206   730   572  1238  1810  1396   984  1047  1044
Pr0923 41930  1712  1391  1332   952   761   983   728  1270  1270  1587
Pr0923 41940   950  1016  1205  1109   697   825   667   349   317   507
Pr0923 41950   571   571   601   474   568   442   595   601   754   728
Pr0923 41960   697   697   761   665   819   757   724   632   762  1016
Pr0923 41970   919   920  1428  1202   854   886   601   603   730   762
Pr0923 41980  1047   665   823   538   506   506   663   565   378   315
Pr0923 41990   379   378   378   345   315   236   236   283   266   267
Pr0923 42000   282   345   220   314   219   280   281   374   497   403
Pr0923 42010   340   446 -9999
Pr0924 31884  2740  3069  1880  2224  2379  2628
Pr0924 31890  1788  2214  2423  1487  1568  1406  2241  1744  1931  1856
Pr0924 31900  1864  1304  1137  1701  1776  1606  1383  1313  1536  1201
Pr0924 31910  1042  1309  1241  1304  1739  2016  1549  1047  1141  1040
Pr0924 31920  1003  1212   793   758  1183  1223   770   808   781  1046
Pr0924 31930  1272   947  1302   952  1079  1333   730  1389  1714  1215
Pr0924 31940  1073  1016  1422  1512  1456  1620  1297  1648  1235  1138
Pr0924 31950  1233  1107  1077   824   570   697   631   598   725   947
Pr0924 31960   726   757   852   759  1171  1140  1048  1048  1016  1016
Pr0924 31970  1016  1110  1238   964   591   603   825   952   825   794
Pr0924 31980  1079   795   888   698   856   761   540   539   391   307
Pr0924 31990   379   319   538   795   855   698   540   698   603   730
Pr0924 32000   730   730   698   476   340   328   423   528   557   395
Pr0924 32010   412   414 -9999
Pr0925 41896  3450  2708  4202  3129
Pr0925 41900  2968  2819  2724  2650  3011  2685  1645  2118  2111  1859
Pr0925 41910  1230  1638  1764  1790  2236  1862  2012  1528  1310  1922
Pr0925 41920  1579  1700  1035   629   887   884  1191  1599  2038  1975
Pr0925 41930  3198  1975  1756  1100   973  1097   815  1168  1071  1097
Pr0925 41940  1294  1263  1389  1008  1163  1350  1160  1223   847  1003
Pr0925 41950  1157  1247  1300  1110  1079   866  1025  1094  1434  1970
Pr0925 41960  1967  1558  1395  1364  1993  1842  1727  1877  1668  1544
Pr0925 41970  1292  1374  1811  1511  1253  1463  1506  1069  1355  1297
Pr0925 41980  1489   982   950   665  1523  1460  1311  1213  1079   507
Pr0925 41990   682   698   746  1016  1015   920   762   698   635   889
Pr0925 42000   698   825   952   825   476   539   571   476   508   571
Pr0925 42010   603   444 -9999
Pr0926 31890   888  1126  2017  2884  2445  2578  3055  2998  3486  2608
Pr0926 31900  2397  2233  1966  1745  2253  1682  1491  1297  1326  1040
Pr0926 31910   972  1098  1130  1161   883  1232  1363  1075   823   790
Pr0926 31920   759   980   412   539   697   883   884   866   997   855
Pr0926 31930  1393   983   761   806   587   603   413   539   793  1111
Pr0926 31940   952   698   666   729   663   853   949   821   377   872
Pr0926 31950   524   635   758  1011   919   791   601   728  1074  1168
Pr0926 31960   912  1105   788   758  1004  1038  1326   854   824  1046
Pr0926 31970   947  1004  1101   916   822   758   758   793   952  1048
Pr0926 31980  1841  1365  1619   984  1841  1778  1302  1111   825   633
Pr0926 31990   789   821  1106  1487  1301  1269  1174  1111   889  1175
Pr0926 32000  1302  1364  1270   666   508   413   508   823   882   819
Pr0926 32010   919   792 -9999
Pr0928 31901  2000  2341  3045  2656  2778  1733   874  1318  1312
Pr0928 31910  1141  1525  1557  1239   873  1490  1318   628   708   660
Pr0928 31920   555   832   499   394   747   856   488   463   786   732
Pr0928 31930   919   661   460   373   501   596   386   385   712   884
Pr0928 31940   791   765   742  1006   954  1121   861  1177   796  1006
Pr0928 31950  1233  1262  1440  1589  1316  1670  1266  1257  1248  1346
Pr0928 31960  1218  1401  1515  1632  1658   983  1419  1279  1543  1851
Pr0928 31970  1783  1545  2274  2053  1286  1137  1077   981  1042  1166
Pr0928 31980  1453   788   977  1011  1295  1604  1296  1031   682   476
Pr0928 31990   666   729   635   762   889  1143   794   729   729   983
Pr0928 32000   790  1164  1009   916   726   537   412   634   602   443
Pr0928 32010   475   476 -9999
Pr0929 41895  2165  2770  1686  2184  2076
Pr0929 41900  2217  2876  2928  2561  2659  2170  1538  1013  1474  1357
Pr0929 41910  1590  1717  1491  1238  1580  2260  1836  1033  1170   864
Pr0929 41920  1081   649  1127  1052  1301  1454   958   701   766  1065
Pr0929 41930  1535  1063  1368  1134  1071  1048   820   865   857  1818
Pr0929 41940   837   996  1831  2277  2900  2808  2033  2234  2021  2101
Pr0929 41950  1536  2041  2046  1550  2098  1871  1837  2443  2253  2539
Pr0929 41960  2412  2285  1777  1444  2159  2091  2281  1936  2222  2222
Pr0929 41970  1428  1648  1905  2032  1617  1196  1199  1041  1142   857
Pr0929 41980  1810  1225  1315   889  1587  1524  1143  1269  1363   891
Pr0929 41990  1328   889  1143  1489  1428  1047  1047  1014  1106  1198
Pr0929 42000  1009   722   816   816   506   362   420   790  1042   883
Pr0929 42010   758   695 -9999
Pr0930 41895  3141  3467  2522  3940  3847
Pr0930 41900  3302  2992  3260  3485  2545  3204  2322  2427  2652  1992
Pr0930 41910  2237  2757  2242  2608  2171  2357  2616  2131  2079  1585
Pr0930 41920  1181  1290  1348   926  1857  2090  1504  1229  1605  1315
Pr0930 41930  2063  1902  2008  1261  1226  1195   660   865  1150  1616
Pr0930 41940  1779  1651  1812  2242  2084  2056  1457  1899  1107   946
Pr0930 41950  1642  1904  2063  1901  1990  1733  1205  1426  1520  1999
Pr0930 41960  1587  1522  1107  1396  1800  1423  1803  1796  1804  1677
Pr0930 41970  1216  1069  1617  1617  1235  1111  1270  1079  1235  1363
Pr0930 41980  1771  1198  1513   786  1355  1421  1107  1363  1078   841
Pr0930 41990   841   635   872  1349  1396  1489   951   888  1204  1202
Pr0930 42000  1170  1323  1291  1189   780   566   755   928  1116  1135
Pr0930 42010  1061   623 -9999
Pr0931 51887  2672  2174  2538
Pr0931 51890  3361  3520  4061  3253  3254  2679  3867  3356  4629  4031
Pr0931 51900  3036  2710  2066  2306  2489  2693  1878  1743  1497  1481
Pr0931 51910  1795  2370  2761  2221  1568  1932  2007  2036  1448  1468
Pr0931 51920  1535  1804  1610  1075  1727  2262  1924  1870  2235  2314
Pr0931 51930  2219  1939  2410  1643  1665  2220   921  1339  1747  1669
Pr0931 51940  1458  1832  2268  2478  2252  2494  1709  1750  1264  1198
Pr0931 51950  1162  1376  1357  1198  1603  1411  1501  1576  1962  1981
Pr0931 51960  1774  1615  1394  1423  1895  1547  1489  1395  1206  1429
Pr0931 51970  1238  1429  1937  1425  1077  1045  1045   980  1202   989
Pr0931 51980  1310   980  1323   977  1263  1103   977  1204  1093   856
Pr0931 51990   809   634   698   951   857   825   793   873   841   921
Pr0931 52000   857   762   730   571   571   508   603   728   854  1060
Pr0931 52010  1041   853 -9999
