Pr1101 41871  3242  2853  2328   943   371   369   509   863  1226
Pr1101 41880   536   741   843  1218  1505  1405  1729  1114   793  1029
Pr1101 41890   530   869   597   441   440   526   670   815   534   446
Pr1101 41900   474   326   326   384   592   563   209   178   209   237
Pr1101 41910   269   419   663   854   950  1202   736   671   831   650
Pr1101 41920   934  1434  1066  1066  1412  1001  1034   785   883   627
Pr1101 41930   906   788   723   724   597   501   315   472   377   504
Pr1101 41940   630   624   590   529   960  1450  1195   892   645   771
Pr1101 41950  1311   963  1020   923   561   933   578   674   911  1195
Pr1101 41960  1408  1150  1102  1331  1544  1727  1561  1142   985  1108
Pr1101 41970  1080   631   913   888  1066  1605  1644  1677  2186  1300
Pr1101 41980  1617  1903  1333  1269  1587  1683  2349  2349  1651  2095
Pr1101 41990  1587  1460  1936  2634  2222  2000  1524  1429  1838  2026
Pr1101 42000  2372  3316  2937  2031  1873  2159  1714  2825  2508  2730
Pr1101 42010  3110  2222 -9999
Pr1102 31890   492   683   952   825   889  1301  1096  1456  1022   862
Pr1102 31900   812   898   770   506   363   365   485   323   411   362
Pr1102 31910   479   522   625   765   588   807   425   558   483   578
Pr1102 31920   479   765   551   688   598   403   570   611   606   432
Pr1102 31930   711   444   503   282   507   589   390   423   570   654
Pr1102 31940   766   853  1395   940   894   846   670   873  1247  1282
Pr1102 31950  1010  1151  1608  1657  1065  1856  1334  1460  1805  2239
Pr1102 31960  1425   792   887   951  1173  1236  1709  1201  1042  1442
Pr1102 31970   874  1123   971   974  1350  1004  1603  1575  2121  1488
Pr1102 31980  1333  1429  1206  1206  1524  2018  1696  1905  1428  1395
Pr1102 31990  1235  1521  1585  1871  1649  1237  1047  1331   983  1648
Pr1102 32000  1424  1953  1921  1151  1269  1293  1197  1664  1978  1731
Pr1102 32010  1830  1765 -9999
Pr1103 41873  1898   821  1093  1729  1004   928   798
Pr1103 41880  1006   727  1212   952   968   969  1127   777   809  1191
Pr1103 41890   760  1014  1015   903   920  1188  1408  1691  1298  1106
Pr1103 41900   916   995   746   633   824   949   570   397   428   429
Pr1103 41910   665   586   665  1110   854  1090   756   485   498   548
Pr1103 41920   312   576   435   603   982   796   691   616   656   687
Pr1103 41930   531   406   440   345   314   372   251   219   203   232
Pr1103 41940   311   374   685   618   833  1325  1385   983   843   877
Pr1103 41950  1377  1250  2292  2376  1758  2004  1400  1964  1778  2589
Pr1103 41960  1610  1586  1522  1770  2683  2785  3285  1802  2310  2154
Pr1103 41970  1619  1873  2031  1839  2698  2794  3391  2565  2983  1903
Pr1103 41980  2345  3073  2375  1804  3291  5033  4826  3206  2525  2425
Pr1103 41990  2494  2207  1905  3489  3604  1982  1685  1571   871  2249
Pr1103 42000  2313  2947  3238  1904  2661  2280  1902  1871  3111  2922
Pr1103 42010  2619  1730 -9999
Pr1105 41875  2440  2059  1905  1824  2256
Pr1105 41880  1258  1348  1754  1888  1313  1926  1703  1363   943  1600
Pr1105 41890   686   927   874   710   742   727  1009   983   984   715
Pr1105 41900   508   366   409   469   648   584   412   235   206   178
Pr1105 41910   207   206   271   300   271   364   305   335   364   337
Pr1105 41920   365   453   335   367   767   923   890   886  1100   765
Pr1105 41930  1298   773   712   591   619   653   526   928   652   872
Pr1105 41940   654   620  1196  1106  1437  1685  1809  1218  1125  1095
Pr1105 41950  1501  1817  2270  1546  1028  1859  1179  1460  2130  2457
Pr1105 41960  1582  1013   792  1060  1248  1361  1714  1616  2422  2652
Pr1105 41970  2112  1635  1491  1428  1427  1650  1428  1206  1619  1111
Pr1105 41980  1428  1555  1649  1619  1647  2305  1956  1351  1132  1037
Pr1105 41990   944   881   723  1321  1289  1005   471   660   440  1196
Pr1105 42000   914   912  1132  1164  1228  1262  1164  1663  1443  1255
Pr1105 42010  1339  1372 -9999
Pr1106 41870  3584  4809  3853  3243  1931  1812  1849  1767  1744  1736
Pr1106 41880  1173  1020  1394  1335   983  1210  1428   976   896  1076
Pr1106 41890   587   745   653   529   592   654   933   661   727   728
Pr1106 41900   697   570   665   587   905  1015   698   634   571   507
Pr1106 41910   730   920   921   921   730   889   762   825   889   635
Pr1106 41920   921  1175  1175  1079  1261  1133  1071  1230  1864  1677
Pr1106 41930  1615  1614  2155  1397  1677  1301   603   825   905  1317
Pr1106 41940  1110  1390  1476  1421  1832  2095  1677  1517  1548  1770
Pr1106 41950  1537  1303  1366  1607  1355  1924  1298  1297  1485  1470
Pr1106 41960  1384  1114  1158  1327  1777  2459  2256  1247  1340  1642
Pr1106 41970  1292  1656  1824  1885  1847  1563  1641  1458  1934  1110
Pr1106 41980   984  1110  1206   920  1302  1809  1332   918  1139   917
Pr1106 41990   600   632   727  1044   981   823   602   887   538  1169
Pr1106 42000  1138  1076  1267  1394  1297  1171  1267  1428  1651  1651
Pr1106 42010  1333  1270 -9999
Pr1108 31887  1427  1016  1319
Pr1108 31890   889  1067  1270   592   491   680   379   627   633   576
Pr1108 31900   424   316   346   397   475   435   270   123   148   149
Pr1108 31910   346   270   269   178   226   499   423   463   518   499
Pr1108 31920   404   596   284   385   736   532   662   579   732   625
Pr1108 31930   800   583   475   485   399   603   489   809   782   666
Pr1108 31940   637   869  1496  1180  1068  1316  1475  1532  1934  1741
Pr1108 31950  2223  2208  3635  2764  2209  2271  1467  1724  2176  2891
Pr1108 31960  2372  2149  2253  1930  2029  1901  2185  2060  1901  2313
Pr1108 31970  1362   948  1252  1111  1156  1096  1343  1500  1564  1189
Pr1108 31980  1159  1353  1009   821  1231  1892  1570  1259  1060  1239
Pr1108 31990   893   800   676  1425  1417  1139   646   736   520  1071
Pr1108 32000  1142   837  1293   987  1159   911   833   991   852   944
Pr1108 32010  1034   959 -9999
Pr1109 41879  1079
Pr1109 41880  1016   793  1708  1620  1338  1355  1258  1053   838  1574
Pr1109 41890   838  1363  1318  1498  1138  1458  1482  1537  1170   879
Pr1109 41900   560   589   529   709   849   674   411   322   322   293
Pr1109 41910   613   439   529   648   585   677   207   324   324   441
Pr1109 41920   382   739   594   747  1142   817   605   606   789   752
Pr1109 41930   632   795   894   771   621   715   466   711   467   558
Pr1109 41940   555   772   887  1067  1315  1278  1567  1241  1613  2917
Pr1109 41950  4269  7405  5987  3986  3448  3227  2213  2178  2711  3127
Pr1109 41960  2534  1554  1333  1651  1269  2124  2784  2152  1203  1519
Pr1109 41970  1392  1331  1679  1268  1555  2114  3027  2424  2955  2050
Pr1109 41980  2750  2444  2474  2349  3140  3295  2379  2191  1587  1016
Pr1109 41990   889  1111  1111  1953  1921  1778  1175  1047  1174  1808
Pr1109 42000  1965  2981  3334  2125  1712  1111  1111  1159  1317  1555
Pr1109 42010  2667  2286 -9999
Pr1110 41923   508   603   571   445   380   476   494
Pr1110 41930   495   316   283   307   302   246   198   225   249   269
Pr1110 41940   183   235   648   915  1068  1159  1220  1414  1613  2135
Pr1110 41950  1882  2261  2341  2291  2369  2719  1821  2026  1689  2041
Pr1110 41960  2769  2709  2249  1861  1637  2206  2550  2518  3510  3365
Pr1110 41970  2733  2628  2665  2130  2246  2122  2865  2948  2781  2600
Pr1110 41980  1937  1586  1873  1524  2758  3841  4421  4089  3776  4031
Pr1110 41990  2377  3153  2616  3087  2945  2597  2027  2174  1261  1989
Pr1110 42000  2461  2779  1998  2034  1499  1408  1364  1594  1524  1778
Pr1110 42010  2059  2022 -9999
Pr1111 41866  1587  1652  2071  3440
Pr1111 41870  3903  2972  2320  1733  1103  1137  1165  1451  1396  2062
Pr1111 41880   952   793  1206  1397  1333  1333  1394   921   825  1301
Pr1111 41890   857  1015  1047   730   825  1237  1015  1111   889   666
Pr1111 41900   602   729   507   571   698   667   508   539   539   380
Pr1111 41910   569   442   506   571   886   856   349   507   507   539
Pr1111 41920   507   665   602   570   856   855   697   666  1015   825
Pr1111 41930  1078   762   698   381   413   539   348   603   571   540
Pr1111 41940   413   603   730   730   794  1111  1540  1667  2254  1778
Pr1111 41950  2476  2318  2854  2730  2317  2236  1445  1840  2190  2729
Pr1111 41960  2158  1745  1649  1269  1619  2285  2508  2064  2127  3016
Pr1111 41970  2059  2058  1676  2063  1968  1587  1332  1173  1524  1333
Pr1111 41980  1809  1649  1707  1678  2565  3516  3074  2502  1487  1489
Pr1111 41990  1182  1402  1534  1910  1722  1503  1002  1277  1210  1799
Pr1111 42000  1731  1970  2195  1634  1560  1429  1136  1321  1411  1276
Pr1111 42010  1530  1472 -9999
Pr1112 41874  1301   496  1073  1289  1652  2140
Pr1112 41880  1602   951  1568  1597  1198   963   939   623   720  1237
Pr1112 41890   668  1097  1186   785   633   814   945  1203  1079   712
Pr1112 41900   434   621   940   969   844   594   594   625   486   455
Pr1112 41910   378   410   691  1224  1161  1507  1074   947   726   536
Pr1112 41920   852  1137   693  1041  1200  1074   916   885  1011  1075
Pr1112 41930  1397  1238  1238   888   761  1169   825  1015   825   952
Pr1112 41940   984  1048  1269  1143  1267  1900  2786  1936  1429  1270
Pr1112 41950  1076  1364  2032  1682  1778  2476  2000  1744  1991  2501
Pr1112 41960  2079  2332  2054  1887  1578  2124  2123  2000  1935  1902
Pr1112 41970  2030  1902  1869  1645  1801  1959  2398  1763  1703  2084
Pr1112 41980  1988  2249  2072  1568  2185  2182  1677  1583  1361  1349
Pr1112 41990  1470  1237  1364  1840  1710  1442  1627  1512  1047  1774
Pr1112 42000  1959  1960  1578   899   992   819   788   852   630   916
Pr1112 42010  1133  1101 -9999
Pr1113 31879  3365
Pr1113 31880  1861   633  1031   760   702   492   460   554   711   248
Pr1113 31890   248   342   499   470   188   313   283   470   344   282
Pr1113 31900   407   219  1044   634   539   317   221   316   380   222
Pr1113 31910   317   222   412   476   571   635   825   730   730   730
Pr1113 31920   444   794   539   761   887   602   476   539   793   825
Pr1113 31930   730   571   729   825   762   635   539   443   475   569
Pr1113 31940   443   600   787   787  1007  1605  1606  1449  1071   945
Pr1113 31950   787   598   724  1197  1260  1455   886   697   983  1731
Pr1113 31960  1729  1854  1697  1536  1442  1606  1638  1071  1136  1200
Pr1113 31970  1643  1646  1705  1794  1681  2483  3089  1550  2030  1363
Pr1113 31980  1521  1550  1076   979  1170  1393  1045  1777  1873  1809
Pr1113 31990  1777  1396  1902  2221  1904  1871  1805  1643  1169  1550
Pr1113 32000  1551  1425  2155  1301   889  1015  1333  1269  1106  1233
Pr1113 32010  1517  1201 -9999
Pr1114 31872  3316  2319  1467  1480  1715  1503  1853  2420
Pr1114 31880  1385   721   807  1110   772   685   717   363   397   671
Pr1114 31890   521   613   736   680   525   650   677   555   493   277
Pr1114 31900   337   233   261   279   310   248   185    92   108    77
Pr1114 31910   107   124   136   246   308   400   307   215   246   211
Pr1114 31920   213   304   183   244   368   304   244   336   275   427
Pr1114 31930   489   490   304   333   393   424   272   394   425   485
Pr1114 31940   363   483   693   992  1079  1116  1092  1273   425   393
Pr1114 31950   442   561   897  1299  1453  2104  1636  1777  1378  1748
Pr1114 31960  1719  1691  1528  1282  1568  1663  1652  1826  1649  3019
Pr1114 31970  2767  3006  2439  1984  1674  1674  1489  1020  1996  1778
Pr1114 31980  2063  2158  1174  1014  1296  2679  2924  2410  1837  1300
Pr1114 31990  1776  2060  1618  2222  2286  2286  1587  1871  1454  1487
Pr1114 32000  1771  2053  2289  1610  1458  1238  1444  1166  1128  1646
Pr1114 32010  1933  1365 -9999
Pr1115 41883  1396  1318  1181  1002   453   428   691
Pr1115 41890   584   851  1231   658   547   566   949  1085   802   741
Pr1115 41900   552   502   401   449   376   334   273   251   277   310
Pr1115 41910   442   394   530   475   538   676   299   331   304   416
Pr1115 41920   275   463   442   699   778   692   636   781   901   698
Pr1115 41930   582   382   413   325   267   295   207   295   383   323
Pr1115 41940   235   322   615   531   804  1256  1339  1033   242   542
Pr1115 41950  1002  1088  1898  1907  1520  2026  1644  1743  2100  2991
Pr1115 41960  2290  2246  2035  1526  1365  1841  2187  1987  2032  2233
Pr1115 41970  1841  1503  1407  1645  1455  1103  1384  1696  1927  1415
Pr1115 41980  1598  1785  2262  1673  1331  1775  2283  2021  1420  1262
Pr1115 41990  1407  1636  2228  2827  2605  2687  2558  2414  2400  2460
Pr1115 42000  2780  2299  2820  1488  1013  1106  1296  1359  1389  1457
Pr1115 42010  1682  1899 -9999
Pr1116 41878  2221  2511
Pr1116 41880  1538  1225  1446  1529  1604  1462  1605  1221  1137  1628
Pr1116 41890   932  1417  1513  1259  1282  1346  1768  1416  1130  1058
Pr1116 41900  1235   928   767   669  1123   867   819   562   703   580
Pr1116 41910   690   546   848  1037   798  1074   674   676   678   659
Pr1116 41920   599   837   832   856   949   977   856   685  1111   881
Pr1116 41930  1243  1028  1208   845   668   619   404   651   471   565
Pr1116 41940   691   783  1249  1385  1386  1786  1826  1771   600   887
Pr1116 41950  1170  1545  1904  1891  2221  3643  2522  2557  3424  3790
Pr1116 41960  2646  2776  2573  2856  2945  3111  3728  2651  2998  4047
Pr1116 41970  3166  3409  3936  2648  2872  3327  2982  3142  3132  1420
Pr1116 41980   971  1689  1689  1283  1711  1961  1845  1749  2289  2134
Pr1116 41990  1972  1962  1835  2159  1899  1206  1143   723   705  1110
Pr1116 42000  1428  1871  2529  1843  1707  1486  1320  1380  1503  1515
Pr1116 42010  1925  1892 -9999
Pr1117 41902   508   381   254   222   190   222   159   127
Pr1117 41910   190   222   285   381   295   415   260   285   233    93
Pr1117 41920   147   228   200   422   382   401   367   412   361   397
Pr1117 41930   409   431   251   347   296   272   249   250   364   348
Pr1117 41940   277   278   489   404   380   583   940   911   933  1419
Pr1117 41950  1627  1831  2233  2145  1729  2214  1456  1697  1727  2202
Pr1117 41960  2048  2133  2312  1890  2366  2372  2309  1810  1566  3505
Pr1117 41970  3028  3092  2117  2825  3269  2635  2794  2696  3544  3777
Pr1117 41980  2918  2762  2887  1839  2568  3034  3495  4213  2983  2590
Pr1117 41990  2843  3587  2979  3632  3268  2632  2721  2721  2750  2667
Pr1117 42000  2960  3928  2347  2601  2538  2126  2254  3046  3014  2792
Pr1117 42010  2825  3236 -9999
Pr1118 41878  2089  3661
Pr1118 41880  2022  1793  2719  2122  2072  2695  1964  1646  1355  1572
Pr1118 41890  1440  1846  1704  1129   696   850  1141  1262  1205  1183
Pr1118 41900  1262  1014   722   743   806  1094   591   413   474   237
Pr1118 41910   503   588   651   685   744   923   848   891  1169   829
Pr1118 41920   833  1180  1184  1246  1815  1336   989   970   878  1004
Pr1118 41930   848   251   220   252   377   443   412   635   825   920
Pr1118 41940   508   571   789  1106  1486  2047  1920  1646  1618  1649
Pr1118 41950  1710  1235  1172  1109  1333  1966  1649  1048  1270  1331
Pr1118 41960  1393  1077  1299  1330  1741  1929  2062  1776  1396  1808
Pr1118 41970  1714  1270  1778  1556  1554  1143  1333   889  1142  1080
Pr1118 41980   792  1011  1010   821   856   951   855   884  1029   871
Pr1118 41990   776   720   721  1135  1104  1292  1296  1360   887  1521
Pr1118 42000  1583  2279  1677  1140   950   981   949  1519  1298  1045
Pr1118 42010  1108  1141 -9999
Pr1119 31887  1233  1130  2025
Pr1119 31890  1159  1677  1406  1539  1095  1300  1553  1443  1572  1205
Pr1119 31900   888   571   793   486   791   840   595   594   716   438
Pr1119 31910   534   440   727   790   757  1115   668   702   526   379
Pr1119 31920   471   356   330   361   571   452   242   392   483   484
Pr1119 31930   548   427   338   399   306   244   124   170   108   215
Pr1119 31940   183   336   549   684   974  1491  1921  1762  1944  1833
Pr1119 31950  1248  1099  1509  1694  1753  2231  1017  1227  1494  1659
Pr1119 31960  1441  1287  1236  1585  1872  2095  2156  1458  1172  1709
Pr1119 31970  1640  1469  1306  1345  1753  1686  2117  1740  1611  1413
Pr1119 31980  1257  1377  1292  1144  1424  2110  1341  1102  1353   820
Pr1119 31990   726   758   757  1360  1327  1168   911   943   726  1638
Pr1119 32000  1575  2332  1930  1016   730   696  1043   979  1012  1076
Pr1119 32010  1299  1427 -9999
Pr1120 41873  2889  2098  2251  2386  2343  1926  2938
Pr1120 41880  1348   957  1694  2044  1774  1967  2122  1492  1292  1768
Pr1120 41890  1012  1077   730   761   476  1015  1172   918   600   537
Pr1120 41900   443   506   729   666   571   571   412   380   634   317
Pr1120 41910   349   317   504   881   758  1204   507   570   757   599
Pr1120 41920   634   698   824   824  1204  1140   665   538   539   413
Pr1120 41930   730   573   474   508   444   412   254   412   349   886
Pr1120 41940  1169  2250  3260  2666  2047  2448  1861  1651  1587  1365
Pr1120 41950  1826  1981  2885  3168  2747  2049  1737  1170  1111  1426
Pr1120 41960  1490  1395  1395  1743  1365  2190  2317  1934  1491  1713
Pr1120 41970  1872  1714  2151  1705  1929  1328  2062  1173  1868  1203
Pr1120 41980  1077  1173  1362  1077  1743  2475  2538  2316  2349  1746
Pr1120 41990  1646  1360  1302  1774  1662  1201  1074  1152   862  1246
Pr1120 42000  1772  3599  3271  1680  1047   698  1517  1422  1438  1359
Pr1120 42010  1266  1185 -9999
Pr1121 41873  2482  1365  1463  1443  1133  1934  2247
Pr1121 41880  1424  1115  1018  1567  1325  1332  1489   872   857  1093
Pr1121 41890   539   627   808   541   511   633   575   489   366   318
Pr1121 41900   212   197   121   199   170   138   148    76   105    75
Pr1121 41910    60    61    89   212   150   181   154   181   150   183
Pr1121 41920   182   274   278   374   440   358   299   326   395   343
Pr1121 41930   422   378   358   334   277   241   252   205   282   398
Pr1121 41940   554   664  1208  1059  1034  1290  1760  1245  1187  1316
Pr1121 41950  1572  1072  1496  2018  1516  1979  1546  1527  1576  1781
Pr1121 41960  1415  1792  1603  1429  1797  1889  2613  2708  2469  3355
Pr1121 41970  2453  1891  1645  2513  3046  2332  2735  1858  2129  2272
Pr1121 41980  2241  1767  2188  2280  2308  2457  2664  3682  2626  1551
Pr1121 41990  1355   949  1323  2059  1839  2138  2433  1744  1738  2937
Pr1121 42000  3807  4470  2693  1773  1423   943  1257  1602  1727  1664
Pr1121 42010  1318  1355 -9999
Pr1122 41872  4982  5221  3101  2990  2931  3053  2516  2774
Pr1122 41880  2090  1854  2229  2619  2700  2322  2129  1635  1272  1655
Pr1122 41890  1719  1569  1487  1125   905  1277  1402  1328  1264  1140
Pr1122 41900   929   898  1114   964  1169   978   906   718   718   406
Pr1122 41910   593   625   687  1000   874  1222   786   848   754   724
Pr1122 41920   783   692   535   630   650   486   569   506   727   827
Pr1122 41930   815   695   820   914   630   662   441   506   504   469
Pr1122 41940   406   505   727   726   598  1003  1526  1066  1023  1085
Pr1122 41950  1301  1237  1650  1615  1778  1873  1460  1587  1016  1170
Pr1122 41960  1258   982  1322  1326  1157  1402   885   965   683   837
Pr1122 41970   775   806  1184   687   753   820  1137   976  1507  1347
Pr1122 41980  1130  1164  1168  1202  1555  1999  1522  1712  1680  1585
Pr1122 41990  1397  2191  1807  3975  3941  3683  2953  2476  1904  1997
Pr1122 42000  2746  3749  3878  2596  1978  2250  1488  1962  2063  2127
Pr1122 42010  2476  1524 -9999
Pr1123 31874  3173  3353  3428  3435  3094  2699
Pr1123 31880  1653  1408  2389  2527  2447  2184  1605   978  1143  1671
Pr1123 31890  1592  1920  1896  1129   843  1462  1382  1288  1209   773
Pr1123 31900   989   905   938  1036  1036   940   723   725   851   473
Pr1123 31910   568   600   600   630   567   537   473   504   346   471
Pr1123 31920   536   569   697   602   855   696   601   506   538   411
Pr1123 31930   507   506   538   473   442   284   190   316   284   379
Pr1123 31940   349   412   730   921  1143   953   111    79   111    79
Pr1123 31950    63    63    95   254   286   444   444   667  1175  1810
Pr1123 31960  1714  1619  1682  1302  1556  2027  2215  1803  1803  2459
Pr1123 31970  2281  1556  1682  1679  1773  2219  2778  2857  2696  2602
Pr1123 31980  1957  1211   969  1529  1805  1718  2130  2153  1498   968
Pr1123 31990  1405  2162  2066  2610  1567  1407   749   814  1009  1778
Pr1123 32000  1302  2949  2629  1775  2025  1778  1681  1426  1523  1679
Pr1123 32010  2585  2071 -9999
Pr1124 31880   844   662  1340  1298  1140  1043   858   622   655   818
Pr1124 31890   668   851   604   465   362   587   432   491   494   348
Pr1124 31900   347   231   190   279   264   189   102   176   205    73
Pr1124 31910   147   164   149   164   147   132   130   117    73   132
Pr1124 31920   132   262   176   175   203   204   145   115   187   157
Pr1124 31930   187    85    86    87   101    86    71    58   129   128
Pr1124 31940   100   114   215   325   336   210   355   185   171   184
Pr1124 31950   185   255   896  1473  1573  1546  1128  1318  1144  1753
Pr1124 31960  1638  2118  1183  1519  1722  1613  1550  1519  1642  1641
Pr1124 31970  1516  1999  2527  1445  2015  2297  2669  1882  3314  2231
Pr1124 31980  2974  2535  2255  2337  3259  4081  3322  2806  2661  1989
Pr1124 31990  1830  1546  2032  3196  2756  1902  1238  1174  1111  2062
Pr1124 32000  1649  2381  2126  1492  1301  1270  1391  2142  1778  1492
Pr1124 32010  1841  1583 -9999
Pr1125 41901   443   570   698   730   730   417   261   420   316
Pr1125 41910   466   316   559   583   606   935   468   571   455   611
Pr1125 41920   622   949  1186  1003  1290   929   737   850   906   685
Pr1125 41930  1049  1005  1257  1312   801   776   746   857  1290  1102
Pr1125 41940  1027  1235  2234  1894  1977  2317  2127  2087  2071  2959
Pr1125 41950  2777  2854  2455  3324  3560  4169  2807  2079  3291  2937
Pr1125 41960  2110  2280  1798  2667  2777  2627  3522  2063  1523  1492
Pr1125 41970  1837  2793  1905  1365  1445  1460  1524  1332  1800  1837
Pr1125 41980  1585  1586  1364  1143  1302  1492  1744  1457  1579  1997
Pr1125 41990  1173  1143  1460  1999  2030  1456  1077  1078   666   948
Pr1125 42000  1040  1381  1530   955   964  1086  1516  1563  1067   878
Pr1125 42010   781   959 -9999
Pr1126 41902  1270  1587  2193  1597  1348   951  1144   866
Pr1126 41910  1798  1710  1727  1789  1275  1866  1413  1226  1466  1244
Pr1126 41920  1205  1624   966  1318  1853  1826  1860  1492  1063  1348
Pr1126 41930  1659  1195  1123  1050   857   919   477   589   539   574
Pr1126 41940   295   620  1073  1311  1395  1403  1278   912   638  1057
Pr1126 41950  1265  1415  1902  1815  1969  2679  1603  1555  1754  1672
Pr1126 41960  2105  1888  1808  1900  1456  1455  1771  1707  1489  1742
Pr1126 41970  1355  1105   916   916  1306  1405  1259  1305  1493  1409
Pr1126 41980   974  1133  1504  1436  1423  1453  1925  1549  1423  1297
Pr1126 41990  1012  1168  1236  1046  1046  1364  1015  1045  1015  1682
Pr1126 42000  1651  2535  2648  1412  1095  1342  1304  1217  1253  1006
Pr1126 42010   846   782 -9999
Pr1128 41914   666   825   667   479   503   349
Pr1128 41920   349   349   349   381   381   412   317   254   349   317
Pr1128 41930   381   286   317   317   317   383   236   219   242   317
Pr1128 41940   399   552  1269  1718  1507  1609  1286  1348  1330  1566
Pr1128 41950  1848  1533  2342  2167  2288  2511  1709  1563  1619  1716
Pr1128 41960  1200  1011  1107  1292  1462  1431  1290  1348  1460  1653
Pr1128 41970  1526  1400  1588  1446  1814  2269  2304  1405  1690  1477
Pr1128 41980  1673  1806  1809  1619  1870  2024  2208  2401  1955  1637
Pr1128 41990  1070  1005  1172  1551  1361  1138  1011  1042   887  1047
Pr1128 42000  1332  1873  2280  2185  2154  1489  1172  1139  1171  1235
Pr1128 42010  1236  1047 -9999
Pr1129 31899   824
Pr1129 31900   825   603   857   921  1071   606   594   436   466   270
Pr1129 31910   440   461   593   639   565   714   475   421   437   345
Pr1129 31920   277   419   352   319   640   396   299   353   352   357
Pr1129 31930   409   309   284   343   292   267   214   242   269   350
Pr1129 31940   242   403   807   971  1017  1077  1347  1294  1074  1346
Pr1129 31950  1439  1426  1824  1907  2328  2704  1667  1760  2329  2312
Pr1129 31960  1718  1979  1676  2095  1985  1685  2000  1814  2064  2044
Pr1129 31970  1408  1504  1884  1610  1867  1619  1682  1610  1898  1393
Pr1129 31980  1806  1832  1962  1677  3042  3301  2793  2345  1809  1523
Pr1129 31990  1110   856  1460  1523  1651  1905  1302  1048  1077  1486
Pr1129 32000  1582  1710  1841  1268  1236  1270  1650  1967  2445  1904
Pr1129 32010  1936  1582 -9999
