Pr1201 51896  3823  2845  3845  4109
Pr1201 51900  3881  3164  4047  3320  3600  4153  3030  2158  3681  2520
Pr1201 51910  2715  2856  3067  2893  3435  4825  2920  2349  3520  2858
Pr1201 51920  2276  2510  2143  1680  2171  2557  2598  2036  3167  2917
Pr1201 51930  3048  2407  1885  1641  1476  1778  1429  1778  1556  1333
Pr1201 51940  1619  1362  1695  1470  1620  1891  1682  1618  1079  1046
Pr1201 51950  1078  1237  1270  1397  1429  1254   810   952  1226  1686
Pr1201 51960  1264  1453  1382  1453  1566  2078  1808  1587  1143  1587
Pr1201 51970  1111  1015   952   921   698   730   540   540   603   603
Pr1201 51980   635   602   602   539   476   556   428   444   381   348
Pr1201 51990   444   412   413   476   460   365   413   508   365   381
Pr1201 52000   428   381   381   349   254   270   222   175   206   222
Pr1201 52010   191   222 -9999
Pr1202 31921  1926  2474  1350  1954  1774  1798  1762  2171  1965
Pr1202 31930  2021  2119  1686  1818  1289  1395   730  1175  1556  1269
Pr1202 31940  1583  1990  1870  1427  1427  1744  1612  1744  1871  1870
Pr1202 31950  1968  1491  2157  2505  2313  2204   805  1173  1809  1776
Pr1202 31960  1047  1492  1524  1651  1866  1741  2010  1944  1811  2632
Pr1202 31970  1741  1603  1695  1371  1424  1621  1905  1379  1552  1493
Pr1202 31980  1280  1001  1096   864   687  1172  1333  1429  1587  1333
Pr1202 31990   983  1265   980  1265  1171   729   539   634   444   444
Pr1202 32000   634   634   634   444   380   381   508   540   381   317
Pr1202 32010   381   413 -9999
Pr1203 31894  2666  3723  2818  2289  2574  2517
Pr1203 31900  2189  3308  2761  2398  2692  2492  1751  1377  2020  1042
Pr1203 31910  1481  1491  1460  1235  1108  1892  1609  1346  1352   975
Pr1203 31920  1133  1289   819   883  1260  1419  1388  1232  1290  1109
Pr1203 31930  1519  1423  1363  1016  1238  1048   825  1397  1079  1238
Pr1203 31940  1047  1111  1174  1238  1175  1111  1110  1109   855   665
Pr1203 31950  1107   793  1016  1141  1141  1331   665   792   950  1103
Pr1203 31960   851   908   911   751   814  1253  1228  1201  1395  1870
Pr1203 31970  1300   793  1016   857   857   824   919   888   825   793
Pr1203 31980   762   794   794   603   603   666   539   476   381   476
Pr1203 31990   476   476   508   761   539   317   190   286   207   460
Pr1203 32000   476   444   381   286   270   222   254   364   254   254
Pr1203 32010   301   285 -9999
Pr1204 31870  3933  4986  3799  4877  2796  2915  2442  2285  2385  3396
Pr1204 31880  1968  1570  3826  4090  3691  4034  2560  2339  1906  1763
Pr1204 31890  2017  2582  2365  2455  1665  1607  1541  1259  1733  1983
Pr1204 31900  1770  1960  1550  1746  1734  1804   982  1026  1401   505
Pr1204 31910  1073  1102  1162  1043   851  1165   785   722   847   534
Pr1204 31920   597   754   628   344   407   561   623   651   925   872
Pr1204 31930   781   909   592   374   524   476   345   722   602   537
Pr1204 31940   535   502   500   469   562   309   371   494   432   280
Pr1204 31950   471   440   665   857   793   762   476   508   508   507
Pr1204 31960   506   475   634   539   602   888   793  1015   793   920
Pr1204 31970   761   534  1203  1008   723   598   472   409   475   444
Pr1204 31980   344   417   381   349   317   349   286   217   158   291
Pr1204 31990   317   317   349   508   381   201   275   248    96   417
Pr1204 32000   486   285   381   174   143   127   174   238   221   143
Pr1204 32010   206   143 -9999
Pr1205 21890  3438   945   968  2389  2093  2312  2024  1232  1893  1990
Pr1205 21900  2040  2240  2507  1995  2218  1900  1519  1395  2284   952
Pr1205 21910  1513  1481   952  1269   920  1673  1160   971  1129   690
Pr1205 21920   850  1203   887   823   920   761   761   697   824   634
Pr1205 21930   603   666   476   348   475   506   348   601   599   568
Pr1205 21940   665   602   635   730   698   730   857  1206  1365   603
Pr1205 21950   857   730   984   984   952  1333   635   540   635   730
Pr1205 21960   603   476   635   539   635   793   635   571   476   665
Pr1205 21970   570   538   602   564   472   411   474   508   698   428
Pr1205 21980   364   524   333   349   538   569   474   316   283   348
Pr1205 21990   507   444   380   469   361   418   345   370   263   323
Pr1205 22000   521   430   400   218   264   249   264   311   345   205
Pr1205 22010   454   440 -9999
Pr1206 21883  1458  1301  1293  1384  1767  1320  1604
Pr1206 21890  1726  2422  1658  1653  1189  1720  1660  1349  2055  1554
Pr1206 21900  1524  1778  1359  1548  1548  1476  1037   849   979   505
Pr1206 21910   723   719   688  1024   709  1098   692   716   955   600
Pr1206 21920   789  1050   625   634   887   885  1012  1075   982   729
Pr1206 21930   793  1111  1238  1141  1298  1301   793  1204  1298  1043
Pr1206 21940   759   950   793   857   413   254   413   540   381   286
Pr1206 21950   316   379   474   601   730   825   635   825   921   793
Pr1206 21960   825   984   921   825  1111   952   825   952  1013  1200
Pr1206 21970  1009   568   915   662   821  1042   726   756   756   725
Pr1206 21980   631   631   568   474   600   916   722   753   595   564
Pr1206 21990   533   630   724   725   596   441   284   294   173   227
Pr1206 22000   248   195   279   163   232   189   299   321   348   216
Pr1206 22010   448   378 -9999
Pr1207 21869  2083
Pr1207 21870  2513  3069  2375  2845  1802  1485  2179  2005  2116  2188
Pr1207 21880  1646   830  2232  1761  1525  1903  1785  1697  1359  1737
Pr1207 21890  1855  2278  1905  2288  1825  2027  1714  1379  2083  1644
Pr1207 21900  1795  2555  1849  1755  2150  2186  1155   875  1496   688
Pr1207 21910   940  1314   687   813   970  1491  1141   982  1078   729
Pr1207 21920   824  1140   824   602   853  1013   853   980  1108   917
Pr1207 21930  1011   935   935   593   562   593   503   756   819   630
Pr1207 21940   567   693   472   630   725   760   697   633   412   412
Pr1207 21950   603   443   476   539   380   570   507   601   601   506
Pr1207 21960   443   570   729   539   571   729   665   824   887   918
Pr1207 21970   823   539   634   475   412   602   666   571   540   349
Pr1207 21980   317   444   270   143   396   237   221   301   237   237
Pr1207 21990   205   220   253   252   317   270   190   269   190   238
Pr1207 22000   174   190   238   174   238   206   317   381   222   238
Pr1207 22010   174   143 -9999
Pr1208 31874  2412  2261  2600  2495  3275  3628
Pr1208 31880  2262  2060  3754  2549  2726  3416  2855  2144  1509  2324
Pr1208 31890  2102  4150  3058  2710  2360  2358  2739  1396  3091  3105
Pr1208 31900  2243  1803  1295  1577  1509  1535  1070   726  1770   918
Pr1208 31910   824   919   761  1141   918  1014   918  1043  1043   663
Pr1208 31920   538   759   506   411   694   627   592   737   645   599
Pr1208 31930   538   506   474   348   507   571   429   650   698   603
Pr1208 31940   475   538   380   380   508   476   413   349   349   349
Pr1208 31950   413   222   254   381   286   381   317   381   349   206
Pr1208 31960   238   254   444   317   349   476   349   381   413   667
Pr1208 31970   540   381   508   476   286   412   349   317   380   285
Pr1208 31980   349   444   381   349   254   349   254   190   159   206
Pr1208 31990   269   270   238   254   270   143   158   206   333   143
Pr1208 32000   174   206   127   111   127   111   111   127   143   175
Pr1208 32010   127    95 -9999
Pr1209 31875  1238  2349  2432  2671  3162
Pr1209 31880  2182  2412  3337  2157  1742  2574  2366  2023  1450  1300
Pr1209 31890  1176  2398  1941  2285  1377  1878  1941  1417  1852  2176
Pr1209 31900  1199  1675  1424  1269  1365  1394   728   980  1321   534
Pr1209 31910  1101   882   818  1256   946  1165   804   735   688   500
Pr1209 31920   501   596   535   537   760   633   316   475   538   506
Pr1209 31930   537   505   620   331   349   444   381   444   444   413
Pr1209 31940   317   444   380   380   412   317   285   412   540   381
Pr1209 31950   571   286   349   412   349   508   540   381   413   286
Pr1209 31960   254   317   413   351   410   571   349   475   570   728
Pr1209 31970   603   368   585   571   571   571   508   476   508   381
Pr1209 31980   444   508   413   539   475   569   412   348   316   285
Pr1209 31990   317   348   443   569   411   221   284   272   424   316
Pr1209 32000   253   222   127   240   111   158   124   178   142   187
Pr1209 32010   225   127 -9999
Pr1210 31874  2664  3368  3436  2554  3490  3956
Pr1210 31880  2631  1998  3146  2832  2613  2394  2014  1893  1585  1278
Pr1210 31890  1693  2159  2092  2171  1424  1771  1336  1243  2013  1606
Pr1210 31900   851  1459  1206  1079   857   920   539   759   976   346
Pr1210 31910   725   788   504   631   506  1110   889   730   921   413
Pr1210 31920   476   698   540   413   539   633   443   633   791   634
Pr1210 31930   729   793   476   349   698   603   365   619   602   539
Pr1210 31940   475   411   379   599   629   503   409   529   500   326
Pr1210 31950   327   343   406   468   468   561   529   620   556   372
Pr1210 31960   468   469   657   535   566   724   624   745   774  1061
Pr1210 31970   749   624   840   867   526   587   619   527   558   342
Pr1210 31980   342   532   312   394   521   662   410   378   220   220
Pr1210 31990   252   315   314   392   267   189   188   125   110   313
Pr1210 32000   173   204   220    63   204    94   110   141   173   220
Pr1210 32010   188   141 -9999
