Pr0203 11983  1202  1203  1577  1232  1656  1427  1845
Pr0203 11990  2302  2065  1166  1099  1523   852   979   735   839  1131
Pr0203 12000  1149   928  1174  1115  1118   523  1157  1161   825   578
Pr0203 12010   515   490 -9999
Pr0204 11951  1413  1016   947  1207   883  1173   612   989   907
Pr0204 11960   858   485   759   828   571  1003   892   278   257   366
Pr0204 11970   275   153   193   211   331   358   378   549   546   916
Pr0204 11980   860   891   737   677   987  1142   967  1157   920  1134
Pr0204 11990  1033   874  1846  1166  1582   949  1107   537   487   495
Pr0204 12000   916   571   862   791   698   601   791   919   984  1206
Pr0204 12010   635   952 -9999
Pr0205 21905  1492  1173  1424  1306  1192
Pr0205 21910  1244  1466  1642   878   770  1477   997  1024  1157   550
Pr0205 21920   451   465   561   698   483   717   682  1227  2245  1984
Pr0205 21930  2553  1789  1695  1224   456  1323  1111   954  1251  1668
Pr0205 21940  2101  2030  1611  1568  1726  1779  2208  2374  1323  1482
Pr0205 21950  1338  1221  1315  1094   936   976  1133   755   936   802
Pr0205 21960   773   868   626   656  1116   899   575   419   498   653
Pr0205 21970   626   505   568   504   722   502   532   626   407   697
Pr0205 21980   889   885   473   568   694   948   635   857   317   571
Pr0205 21990   603   349   444   508   540   413   413   349   349   381
Pr0205 22000   381   444   444   539   412   271   330   380   494   363
Pr0205 22010   349   351 -9999
Pr0207 21887  1587  1048  2204
Pr0207 21890  1910  2240  2077  1805  1536  1075  2113  2053  1427  1934
Pr0207 21900  1727   932  1281  1359  1442  1322  1331  1250   767   807
Pr0207 21910  1021   934  1208  1694   911  1366  1821  2696  2512  1256
Pr0207 21920   980   980  1128  1217  1348  1643  1148  1963  2464  2277
Pr0207 21930  1477  1231  1715  1391   704   643   308   403   775   496
Pr0207 21940   558   898   772   793   758   823   911  1189   551   744
Pr0207 21950   498   713  1023  1081   988   679  1328   650   868   749
Pr0207 21960   532   502   440   564   812   879   911   661   785   914
Pr0207 21970   602   317   472   440   377   251   240   488   409   315
Pr0207 21980   252   314   177   218   232   283   224   280   284   505
Pr0207 21990   379   442   537   410   662   347   315   314   395   416
Pr0207 22000   435   620   651   622   532   377   567   410   536   479
Pr0207 22010   375   506 -9999
Pr0208 11871  2469   889   682   568  1492  1680  2805  2445  2331
Pr0208 11880  1635  2998  2239  1584  1840  1773  1016  1107  1363  1503
Pr0208 11890   729   759  1214   991   931   650  1111   777   952   983
Pr0208 11900   810   332   412   476   444   412   366   396   365   222
Pr0208 11910   332   285   349   349   253   524   554  1267  1477   412
Pr0208 11920   254   174   206   222   380   111   174   127   190   237
Pr0208 11930   317   476   825   889   540   540   540   317   635   476
Pr0208 11940   635   857   698   666   792   729   698   651   254   459
Pr0208 11950   493   364   508   588   730   460   921   920   745   696
Pr0208 11960   394   397   301   427   617   523   253   221   237   190
Pr0208 11970   189    79   189   190   174   175   206   238   254   301
Pr0208 11980   238   333   190   238   174   285   253   285   158   174
Pr0208 11990   127   111   253   348   378   266   253   283   268   330
Pr0208 12000   268   330   580   300   330   268   252   361   440   504
Pr0208 12010   378   284 -9999
Pr0209 41917  4174  4462  2852
Pr0209 41920  2310  3514  2430  1733  1597  2028  1793  2137  2792  1771
Pr0209 41930  1835  1731  2507  2587  1428  1968  1603  2134  2451  1483
Pr0209 41940  2131  1868  1679  1740  2676  2365  2734  2064  1706  1730
Pr0209 41950  1595  1535  1818  1580  1861  1850  1999  1437  2290  2805
Pr0209 41960  1421  1129  1132  1126  1595  1720  1259  1044  1349  2075
Pr0209 41970  1958  1421  1137  1359  1139   855   918  1012  1015  1555
Pr0209 41980  1508  1444   794  1079  1809  1900  1079  1270   698   824
Pr0209 41990   951  1459  1999  1524  1267  1300  1235   950   920   824
Pr0209 42000  1513  1135  1672  1737  1249   871  1297  1551  1140  1330
Pr0209 42010  1137  1326 -9999
Pr0210 41917  3619  3584  1091
Pr0210 41920  2931  3102  3286  2498  3779  3188  2879  2630  3261  2538
Pr0210 41930  3022  2339  2551  3151  1694  2408  1370  1518  1992  1799
Pr0210 41940  2474  2199  1645  1804  1634  2117  2556  2921  1905  2445
Pr0210 41950  1770  1863  2093  1650  2081  1904  2646  1935  2028  2349
Pr0210 41960  1587  1519  1077   981  1384  1869  1494  1143  1078  1397
Pr0210 41970  1143  1238  1206  1079  1111   794   825   984  1092  1315
Pr0210 41980  1036  1237   587   808  1139  1498   772   957   702   512
Pr0210 41990   772   690   991   885  1173  1076  1014   792   760   696
Pr0210 42000   984   887   983   824   887   459   779   825   698   653
Pr0210 42010   488   668 -9999
Pr0211 11951  1490  1735  1175  1602   964  1272  1334  1003   632
Pr0211 11960   493   525   557   738   642   486   304   271   419   331
Pr0211 11970   327   238   394   610   728   262   370   414   735  1238
Pr0211 11980  1149   684   620   569   444  1109  1400  1337   877   438
Pr0211 11990   751   938   722   721  1249  1284   668   632   540   431
Pr0211 12000   459   726   761  1156   902   825   889   540   794   762
Pr0211 12010   602   793 -9999
Pr0213 21948  1540  1571
Pr0213 21950  2371  1953  1584  2603  3332  2004  2236   927   800   878
Pr0213 21960   879  1319   848  1230  1517  1204   952   921   967  1030
Pr0213 21970   857   667  1105  1320  1551   570   633   695   727   886
Pr0213 21980   633   889   539   696   888  1112   789   976   663   961
Pr0213 21990   661   925  1040  1123  1281  1291  1008   787   790  1359
Pr0213 22000  1804   998  1373  1234  1242  1507   968  1011   915   520
Pr0213 22010   630   326 -9999
Pr0214 21953  3169  2930  2189  3081  2578  2909  3655
Pr0214 21960  3147  3907  2567  3533  4369  4719  3264  2318  3157  3730
Pr0214 21970  2817  2608  2252  2810  2619  1064  1585  1635  1517  2301
Pr0214 21980  2333  1754   984  1422  2089  1921  1571  1429   854  1139
Pr0214 21990   801  1075  1189  1286  1175  1111   952   571   508   743
Pr0214 22000  1698  1082  1359  1015  1233   760   825   714   952  1095
Pr0214 22010   825   714 -9999
Pr0215 21941  3266  3251  3504  1863  2537  2891  2479   843  1661
Pr0215 21950  2253  1399  1307  1123  1829  1773  3697  1875  1683  1244
Pr0215 21960   740  1580   835  1135  1195   872   748   658  1335  1287
Pr0215 21970   954   334   345   745   685   905   261   307   265   235
Pr0215 21980   492   437   492   472   383   447   379   495   214   461
Pr0215 21990   452   556   458   516   550   367   337   302   227   262
Pr0215 22000   396   496   692   489   520   306   551   378   491   416
Pr0215 22010   317   394 -9999
Pr0216 81982   585   446   480  1694  1357  1358  1111  1830
Pr0216 81990  1358  1427  1286  1173  1079   856   951   603   508   666
Pr0216 82000   825   898  1379   952   730   401   695   809  1111  1142
Pr0216 82010   857   588 -9999
Pr0217 31946  1206  2063   968  1870
Pr0217 31950  2065  2850  2904  3270  2753  2906  2572  2451  3270  3134
Pr0217 31960  2923  2032  2562  3502  3504  2306  1838  2710  3616  2930
Pr0217 31970  1428  1149  2152  2286  1564   817  1238  1932  1649  1773
Pr0217 31980  1649  1087   751   729  1098  1757  1118  1274   648  1101
Pr0217 31990  1189  1353  1150  1163  1643  1611  1485  1044  1044  1012
Pr0217 32000  1586  1175  1183  1441  1203   503   550   823   651   900
Pr0217 32010   869   653 -9999
Pr0218 31934  2683  3438  4241  4085  4228  1139
Pr0218 31940  4407  3849  3370  5227  3500  2963  3706  2662  1899  2638
Pr0218 31950  2381  2777  2794  2413  2622  3172  4479  2746  2037  2235
Pr0218 31960  1686  1047   855  1164  2361  2644  1808  1014   982  1426
Pr0218 31970  1551  1324  1709  1487   956   501   761  1141   768   950
Pr0218 31980   691   794   356   469   697   983   603   762   293   533
Pr0218 31990   508   413   444   507   545   561   420   181   379   663
Pr0218 32000   663   536   726   632   576   410   710   632   671   593
Pr0218 32010   301   474 -9999
Pr0219 21979  2770
Pr0219 21980  3541  4958  4041  2114  1507  3852  1176  1495  3216  2267
Pr0219 21990  2708  2208  2797  2836  2122  2063  1685  1883  1842  2950
Pr0219 22000  1971   849  1896  1269  1545   949  1777  2000  1904  1682
Pr0219 22010  1174  1047 -9999
Pr0220 21930  4443  3391  3519  3734  2264  2950  2074  2216  2316  1616
Pr0220 21940  1686  1671  1241  2081  2063  1460  1425  1762  1654  1168
Pr0220 21950  1232   890   995   893  1151  1012  1802  1108   697   665
Pr0220 21960   380   443   411   507  1203   979   907   734   790   697
Pr0220 21970   674   373   412   642   692   547   532   540   444   666
Pr0220 21980   540   722   286   261   760   888   516   841   484   580
Pr0220 21990   730   809   769   803   721   470   651   466   374   270
Pr0220 22000   428   331   570   433   505   323   594   752   857   946
Pr0220 22010   799   596 -9999
Pr0222 31886  1429   984   882   669
Pr0222 31890   639  1071  1106   613   646   473   683   847   697   738
Pr0222 31900   590   449   652   679   754   598   461   364   198   355
Pr0222 31910   486  1027  1908  1576  1117  1794  1525   989  1384   957
Pr0222 31920   813  1829  1986  1460   912  1739  1448  1276  1804  1984
Pr0222 31930  1650  1494  1698  1604  1208  1617  1397  1390  1221  1254
Pr0222 31940  1104  1219  2050  1495  1144  1818  2558  2325  1471  1544
Pr0222 31950  1557  1786  2030  2086  1884  1891  1763  1853  1880  1880
Pr0222 31960  1276  1245   819   787  1424  1429  1365  1111  1238  1619
Pr0222 31970   825   603   730   762   730   317   349   476   412   602
Pr0222 31980   475   602   349   539   666   793   571   634   349   539
Pr0222 31990   507   665   822   881   791  1016   920   730   762   762
Pr0222 32000   825   794   730   730   794   476   476   698   730   856
Pr0222 32010   540   667 -9999
Pr0223  1882  1901  1364  1811  1580  1636  1230  1167  1450
Pr0223  1890   949   823  1013   758   822   918   760   760   699   822
Pr0223  1900   823   631   694   759   507   602   539   603   603   570
Pr0223  1910   539  1489  1867  1737  1267  1426  1236  1810  2127  1524
Pr0223  1920  1905  1865  1500  1378   693  1043  1105  1805  1836  1428
Pr0223  1930  1142   857  1016  1551   978  1071   784   997   777   559
Pr0223  1940   714   687   852   603   540   663   661   787   631   760
Pr0223  1950   792   823   758   916   820   410   883   631   946   883
Pr0223  1960   661   692   440   503   661   814   781   688   563  1248
Pr0223  1970   565   314   314   472   441   410   379   507   603   760
Pr0223  1980   728   570   348   381   476   444   476   508   476   444
Pr0223  1990   349   444   476   413   508   444   444   539   475   539
Pr0223  2000   666   539   635   411   504   473   690  1004  1283  1596
Pr0223  2010  1377  1189 -9999
Pr0224 21892  3295  3210  2328  2246  3015  3134  2632  2812
Pr0224 21900  1342  1677  1794  1422  1368  1245  1159  1362   814   583
Pr0224 21910   675   679   561   467   429   655   454   724  1065   666
Pr0224 21920   374   457   544   461   442   670   551   663   851   846
Pr0224 21930   946   824   791   850   577  1002   546   334   454   398
Pr0224 21940   651   693   565   568   439   440   378   562   344   344
Pr0224 21950   343   374   462   490   578   775  1247  1065  1065   908
Pr0224 21960   527   871   558   406   842   685   623   374   529   623
Pr0224 21970   716   311   311   374   436   250   237   170   220   283
Pr0224 21980   284   318   173   142   219   350   189   251   144   188
Pr0224 21990   142   142   127   190   238   193   171    96    64   142
Pr0224 22000   111    98   191   143   127   171   176   253   204   233
Pr0224 22010   204 -9999
Pr0228 31876  2283  2541  3230  3298
Pr0228 31880  3666  3635  4499  3394  3043  3671  3866  2252  1301  3047
Pr0228 31890  3154  3175  3950  2594  2155  1426  2062  2380  2501  2729
Pr0228 31900  2127  1456  2152  1714  1965  1333   949  1302   667   508
Pr0228 31910   603   476   571   921   607  1228  1668  2533  2443  1142
Pr0228 31920   889   698   603   571   989   820   666   730   571   794
Pr0228 31930   920   730   920   500   510   851   540   476   635   540
Pr0228 31940   762   635   635   698   762   952   825   857   476   571
Pr0228 31950   435   296   413   444   444   411   888   412   539   602
Pr0228 31960   508   635   444   539   762   921   920   476   666   667
Pr0228 31970   412   380   444   387   349   206   222   238   238   238
Pr0228 31980   254   301   124   209   342   349   260   374   317   443
Pr0228 31990   380   316   221   370   293   291   204   220   139   192
Pr0228 32000   253   221   284   246   307   185   289   237   268   222
Pr0228 32010   222   269 -9999
Pr0229 11936   603   603   794  1238
Pr0229 11940   793   933   831   814   833   933   755   476   601   920
Pr0229 11950   602   540   444   635  1045   918  1134   660   627   754
Pr0229 11960   598  1107   886   983  1490  1396  1016   571   698   984
Pr0229 11970   603   698   826  1301  1076   475   380   634   888  1333
Pr0229 11980  1143   921   571   444   792   949   729   824   475   792
Pr0229 11990   728   599   503   532   529   404   525   400   306   369
Pr0229 12000   468   372   558   586   718   467   715   513   576   581
Pr0229 12010   494   312 -9999
Pr0231 21884   854  1110   952   973   568   640
Pr0231 21890   820   728  1430  1201  1222  1460  1657  1039  1208  1493
Pr0231 21900   593   719  1382  1033  1172   581   730  1229   614   308
Pr0231 21910   310   373   436   408   709   886   624   592   870   467
Pr0231 21920   842   753   818  1040   882  1103   783  1314  1380   881
Pr0231 21930  1006   970  1689  1408   626  1251   595   753  1075  1175
Pr0231 21940  1111  1205   888  1171  1168  1234   821   917   444   635
Pr0231 21950   635   921  1015  1142  1079   920  1745   888   603   476
Pr0231 21960   381   444   349   349   601   411   316   222   444   540
Pr0231 21970   349   301   473   361   376   251   187   217   344   362
Pr0231 21980   205   253   189   173   268   347   268   426   158   316
Pr0231 21990   315   299   221   190   221   236   219   404   281   314
Pr0231 22000   314   157   410   348   285   206   269   253   254   190
Pr0231 22010   222   206 -9999
