Pr0401  1950  1495  1633  1939  1653  1780  1939  1941  1865  1724  1518
Pr0401  1960  1132  1819  1196  1164  2029  1711  1241  1412  1993  1464
Pr0401  1970  1240  1201  1076  1073  1042   624   575   656   786  1039
Pr0401  1980   921   886   951  1634  1664  1434  1629  1389  1548  1011
Pr0401  1990  1200  1287  1452  1362   713   920   734   903  1395  1853
Pr0401  2000  1777  1524  1492  1556  2539  2791  2571  3810  3492  2762
Pr0401  2010  2984  2667 -9999
Pr0404  1844  1967  1619  1218  1650  2209   793
Pr0404  1850   714  1166  1296  1376   967  1203  1233  1133   922  1336
Pr0404  1860   540   800   896   720   664   874   983   724   500   593
Pr0404  1870   697   463   551   617   525   707   710   820  1006   582
Pr0404  1880   591   614   670   688   820   733   908   673   471   497
Pr0404  1890   516   634   590   504   605   492   565   599   660   769
Pr0404  1900   765   451   386   527   578   571   371   289   349   351
Pr0404  1910   644  1167  1246  1281   750  1320  1045   932  1327   802
Pr0404  1920   743   797  1254  1467  1540  1790  1506  1309   930  1173
Pr0404  1930  1833  1510  1181   928  1158  1334  1384  1699  2184  2085
Pr0404  1940  1313  1353  1670  1230   977  1040   473   425   331   473
Pr0404  1950   282   377   345   314   626   905   939  1154  1840  1475
Pr0404  1960  1419  1759  1420  1277  1445  1516  1487  1583  1172  1139
Pr0404  1970  1047   761   917  1098   650   679   634   696   631  1011
Pr0404  1980   946   725   662   662   692   881   816   597   409   593
Pr0404  1990   623   466   659   753   423   409   583   440   458   632
Pr0404  2000   962   887  1110  1393  1552  1189   901  1297  1641  1977
Pr0404  2010  1032  1203 -9999
Pr0405  1865   286   381   127   159   222
Pr0405  1870   190   111    96   142   159   190   190   286   508   272
Pr0405  1880   293   475   718   931   955   937  1024   723   868  1221
Pr0405  1890   627   958  1380   828  1007   611   663   827   812  1166
Pr0405  1900  1237  1255   822   684   806   790   667   503   534   279
Pr0405  1910   311   248   788  1106  1036  2159  1798  1626  1519   934
Pr0405  1920  1532  1902  1862  1741  1776  2634  2198  2127  1708  2255
Pr0405  1930  2274  2337  3439  2058  2162  1937  1708  1334  2004  2327
Pr0405  1940  1651  1555  2812  1661  1834  1627   668   508   283   463
Pr0405  1950   394   380   558   808  1043   855  1228  1257  1731  1896
Pr0405  1960  1675  1924  1401  1649  1532  2166  2563  1899  1679  2279
Pr0405  1970  1979  1855  1826  1373  1270  1174  1019  1201  1450  1523
Pr0405  1980  1521  1016   765   977  1161  1882  1829  1867  1554  1270
Pr0405  1990  1204   919  1236  1553   970   878   757   761   667   984
Pr0405  2000  1257   930  1270  1206  1270  1238   918  1078  1141  1544
Pr0405  2010  1075  1091 -9999
Pr0406  1955  1809  2320  1968  2269  1853
Pr0406  1960  2510  2347  2142  3147  3380  2580  1927  1079  1619  1841
Pr0406  1970  1426  1744   855  1171  1293  1197  1762  1914  1123  1339
Pr0406  1980  1135   615  1156  1627  1256  1363  1537  1049   898  1150
Pr0406  1990  1123   921  1527  1356  1276  1267  1460  1554  1552  1648
Pr0406  2000  1934  1921  2202  1381  1850  1582  1301  1873  1611  2260
Pr0406  2010  2928  2581 -9999
Pr0407  1939  1807
Pr0407  1940  1523  2661  2828  3285  2341  2252  1008   320   269   668
Pr0407  1950   788  1693  2503  4097  4780  3657  4242  3487  3219  3539
Pr0407  1960  2845  4031  3610  2699  4557  4814  5003  3802  3172  3441
Pr0407  1970  3693  3441  3317  3694  2332  1818  2069  2509  2337  3705
Pr0407  1980  3256  2598  2857  3270  4420  4577  4065  3679  3423  3730
Pr0407  1990  2903  3175  3053  3796  2595  2189  1872  1523  1522  1523
Pr0407  2000  2191  1746  2532  1731  1127  1659  1875  1593  1966  1706
Pr0407  2010  1459  1619 -9999
Pr0408  1841  1223  1349  1453  1407   995  1304   996  1376   742
Pr0408  1850  1044  1122  1010   696   638   842  1068   814   626   611
Pr0408  1860   334   423   359   483   388   323   321   147   262   346
Pr0408  1870   317   173   244   346   288   272   274   232   227   142
Pr0408  1880   130   176    88   147   201   245   336   294   231   432
Pr0408  1890   337   386   290   337   397   239   298   361   447   424
Pr0408  1900   472   594   325   546   633   604   699   501   293   354
Pr0408  1910   382   537   658  1041  1246  1620  1422  1172   983   824
Pr0408  1920   728   889   888  1143  1302  1365  1364  1619  1841  2032
Pr0408  1930  1905  1523  1555  1682  1396  1397   873   903   950  1365
Pr0408  1940  1048  1428  2780  2937  2412  2442  2777  1221  1392  1394
Pr0408  1950  1060  1249  1093  1061  1330  1491  1899  1681  1990  1550
Pr0408  1960  1489  1808  1295  1358  1421  2925  2459  1635  1159  2136
Pr0408  1970  1591  1741  2230  2453  1324  1169  1012  1171  1042  1611
Pr0408  1980  1521  1299  1266  1294  2344  2921  2475  2094  1872  1872
Pr0408  1990  1746  1555  1687  1788   951  1172  1109  1142  1205  1395
Pr0408  2000  1586  1235  1993  1199  1641  2077  1932  1760  2093  2206
Pr0408  2010  1950  1713 -9999
Pr0409  1980  2872  3241  2797  4246  4841  3208  2812  3294  2438  3288
Pr0409  1990  2916  2515  2838  2578  2060  2054  1676  1370  1588  2323
Pr0409  2000  3071  2370  2540  1524  2125  2124  2114  1982  2745  2082
Pr0409  2010  1524  1931 -9999
Pr0412  1838  2550  1667
Pr0412  1840  2249  1747  2170  2509  2261  1879  1047   289  2231   882
Pr0412  1850  1442  2232  1292  1648  1324  1380  1471  1206  1402  1542
Pr0412  1860   823   915  1217  1154   842   987   863   826   714   851
Pr0412  1870  1058   689   561   557   371   526   588   725  1021   921
Pr0412  1880   892   733   947   858  1166  1105   878   817   545   906
Pr0412  1890  1054   982   769   585   616   648   773   805   743   706
Pr0412  1900   583   522   615   774   745   562   624   413   521   463
Pr0412  1910   565   656   904  1250   909  1088   779   569   909   521
Pr0412  1920   429   491   650   719   812   782   912  1193  1285  1323
Pr0412  1930  1786  1548  1900  1825  2139  2578  1911  1795  1844  1603
Pr0412  1940  1326  1581  2031  1491  1363  1185   555   286   287   444
Pr0412  1950   317   635   984  1650  1841  1778  1649  1710  2079  1924
Pr0412  1960  1606  1733  1544  1677  1585  2460  3235  2728  2853  2886
Pr0412  1970  2521  1474  1502  1364   952   984  1143  1078  1168  1547
Pr0412  1980  1418  1437  1411  1535  2261  3317  3182  2533  1634  1618
Pr0412  1990  1421  1678  1878  2186  1278  1307  1360  1320  1142  1729
Pr0412  2000  1886  2009  2774  2427  2108  2070  1608  2136  2345  2407
Pr0412  2010  2598  1837 -9999
Pr0413  1958  2476  3075
Pr0413  1960  2979  3097  2222  2517  3923  3219  3008  2361  2879  2992
Pr0413  1970  2337  1970  1968  1749  1124  1762  2340  2268  1830  1803
Pr0413  1980  2588  1695  1397  2063  2282  2023  1709  2121  1646  2153
Pr0413  1990  1424  1580  1578  1836  1550  1517  1070   942  1339  2061
Pr0413  2000  2181  2023  2301  1908  1629  1128  1253   812  1307  1670
Pr0413  2010  1674  1678 -9999
Pr0414  1925  2048  1440  1492  1362  1031
Pr0414  1930  1698  1173   950  1264  1229  1358   884  1184  1234  1342
Pr0414  1940  1259  1396  1708  1170  1380  1359  1387  1863  1675  1330
Pr0414  1950  1523  1803  1961  2241  2534  2121  2784  2084  2080  2092
Pr0414  1960  1833  2767  1926  2122  2284  2317  1995  1294  1352  1578
Pr0414  1970  1650  1558  1470  1160   959  1281  1819  1547  1651  1810
Pr0414  1980  2428  1603  1555  1952  1920  2867  1745  1027   932  1501
Pr0414  1990  1129   660  1168  1046  1174  1079   698   603   508   729
Pr0414  2000   881   755   598   735   331   632  1026  1388  1110  1351
Pr0414  2010  1044  1014 -9999
Pr0415  1944  1079  1079   792   730  1099  1082
Pr0415  1950   620  1023  1444  1267  1465  1711  1962  1971  1695  1585
Pr0415  1960  1649  2068  1386  1583  2136  2142  1339   868  1328  1461
Pr0415  1970   602   599   926   772  1031   858   716   859   764  1358
Pr0415  1980  1511   904   754  1310  1490  1771  1349  1197   646  1051
Pr0415  1990   874   718  1023   778   774   780   499   592   722  1015
Pr0415  2000  1400  1271  1482   988   834   992  1155  1432  1693  1786
Pr0415  2010  1725  1256 -9999
Pr0416  1951  1429  1333  1603  1507  1711  1647  1364  1458  1681
Pr0416  1960  1556  1397   761   507  1586  2379  2095  1172  1600  1190
Pr0416  1970  1454   885   727   759  1140   885  1394  1555   793  1396
Pr0416  1980  1697  1475  1651  2191  1518  1873  1416  1724  1421  1806
Pr0416  1990  1552  2318  1996  1682  2030  1905  1198  2081  2555  2692
Pr0416  2000  2624  2315  2985  2363  2629  3084  2869  2830  2902  3120
Pr0416  2010  2500  2225 -9999
Pr0417  1940   952   381   349   571   397   460   944   528   402   678
Pr0417  1950   310   639  1053   745   790   919   913  1025  1123   890
Pr0417  1960   801  1658  1382  1970  2106  1565  1298   771  1583  1497
Pr0417  1970   851  1007  1087  1328  1150   871  1213  1730  1637  2116
Pr0417  1980  1714  1373  1592  1861  1871  1407  2103  1731   758  1327
Pr0417  1990  1522  1396  1924  1659  1261  1483   992   899  1147  2122
Pr0417  2000  2719  2595  2952  1937  1776  2159  1962  2502  2281  3523
Pr0417  2010  2338  2314 -9999
Pr0418  1954  1333  1363  1752  1668  1540  1312
Pr0418  1960  2996  1725  1657  1984  2145  1775  1855  1052  1895  1489
Pr0418  1970  1063   916   889  1165  1135   748  1173  1400   986  1194
Pr0418  1980  1288  1257  1090  1614  1361  1625   900  1024   374   747
Pr0418  1990   779   779   780   687   595   408   283   378   409   726
Pr0418  2000   914  1165  1500  1437  1750  2074  1492  1809  1841  2125
Pr0418  2010  2059  1329 -9999
Pr0419  1931  1571  1852  1925   956  1203  1394  1465  1701  1562
Pr0419  1940  1499  1389  2032  1291  1698  1574  1869  2040  1635  1173
Pr0419  1950  1108  1308  2088  1680  1860  1757  2168  1887  1677  1690
Pr0419  1960  1502  2211  1761  1828  2381  1800  1828  1421  1645  1774
Pr0419  1970  1556  1175   730   730   603   603   619   805   949  1171
Pr0419  1980  1360   982   762  1065  1365  1550   917   821   441   665
Pr0419  1990   653  1047  1480  1203   933   876   566   665   696  1329
Pr0419  2000  1301  1015  1270   921  1143  1111  1283  1026  1270  1111
Pr0419  2010  1111  1143 -9999
Pr0420  1940  2539  4320  3100  3127  3408  2590  2357  2883  2798  2270
Pr0420  1950  2000  2684  2588  2314  2466  3066  2726  2213  2072  3068
Pr0420  1960  3455  3225  3405  2864  3754  3487  4176  3452  2926  3216
Pr0420  1970  2522  1772  2459  2538  2283  1586  1650  2159  1890  2483
Pr0420  1980  2473  2121  2636  2510  3232  3845  2717  2001  1581  1628
Pr0420  1990  1557  2475  2449  2297  2413  1882  1632  1552  2121  2088
Pr0420  2000  3205  3037  2458  1835  1614  2594  2220  2981  3360  3232
Pr0420  2010  3581  2426 -9999
Pr0421  1956  2117  2926  2645  1420
Pr0421  1960  1250  1868  2173  2617  3292  2811  2704  1979  1933  1868
Pr0421  1970  1551  1876  1577  1799  1468  1473  1524  2325  1725  2292
Pr0421  1980  1551  1150   901  1399  1450  1468   970  1363   512   788
Pr0421  1990  1071  1115  1172  1040   848  1145   856   829  1080  1604
Pr0421  2000  2098  2121  1837  1927  1622  1689  1290  1099  1631  1765
Pr0421  2010  1693  1579 -9999
Pr0422  1958  1393  1520
Pr0422  1960  1864  2040  1295  1399  2371  2368  1742  1519  2024  1633
Pr0422  1970  1556  1460  1419  1134   991   969  1063  1518  1925  2308
Pr0422  1980  2361  2020  2126  2733  3092  3227  2569  3077  1928  2506
Pr0422  1990  2255  2629  3375  4000  2585  1830  1790  2072  2298  2019
Pr0422  2000  3359  2857  2634  1492  2550  2253  1856  3807  4644  3819
Pr0422  2010  3971  2079 -9999
Pr0423  1962  2190  2614  3303  3636  3127  2576  2474  2798
Pr0423  1970  2365  2351  2258  1800  2011  1569  1922  2013  1630  1660
Pr0423  1980  1989  1468  1923  2649  2326  2411  1707  2458  2023  2336
Pr0423  1990  1417  1922  1827  2764  1896  1329  1729  1388  1666  2437
Pr0423  2000  2698  1902  1945  1698  2181  1803  1453  1734  2113  2214
Pr0423  2010  1778  1546 -9999
Pr0424  1946  1932  1273  1479  1691
Pr0424  1950  1154  1857  2074  2102  3034  2842  2273  2624  2083  2732
Pr0424  1960  2780  4208  2879  3240  3697  3111  2679  3110  3806  3391
Pr0424  1970  3506  3169  2452  2798  2165  2395  2610  2426  2558  3115
Pr0424  1980  2889  1771  2337  3018  3006  3148  2059  1737  1529  2214
Pr0424  1990  2454  2155  2543  2416  2201  1572  1599  1434  1553  1292
Pr0424  2000  2314  2311  2299  1626  1670  1629  1362  1314  2254  2634
Pr0424  2010  2027  1831 -9999
Pr0425  1944  1302  1048  1047  1454  1249  1450
Pr0425  1950   496   575  1181  2443  2087  1908  1672  2301  2117  1490
Pr0425  1960  2539  1582   952  3013  2726  2854  2857  2000  2063  1784
Pr0425  1970  1661  1381  1729  1229  1263   852  1110  1555  1333  1905
Pr0425  1980  1619  1280  1620  1500  1719  1956  1055  1251  1202  1768
Pr0425  1990  1960  1834  1999  2191  1966  1711  1807  2237  3237  2634
Pr0425  2000  3033  2572  2993  1730  1869  1870  1986  2554  2692  2858
Pr0425  2010  2126  2538 -9999
Pr0426  1951  2667  3685  3700  3377  3295  4194  3102  3492  4956
Pr0426  1960  5159  2544  1453  4449  3771  4564  4071  3390  3835  4003
Pr0426  1970  3061  2418  3316  2930  1911  1561  1686  2057  2109  2969
Pr0426  1980  2369  1801  1984  2641  3002  3081  2621  2966  1970  2979
Pr0426  1990  2075  2127  2314  2349  1618  1900  1638  1223  1344  2182
Pr0426  2000  2392  1688  2237  1900  1773  1073  1352  1242  1864  1829
Pr0426  2010  1362  1131 -9999
Pr0427  1946  2093  2342  1645  1655
Pr0427  1950  2422  2712  2548  3190  1870  2497  2550  2416  3545  3399
Pr0427  1960  4044  1691  1200  3689  3485  3450  2864  2269  2715  2842
Pr0427  1970  2193  1909  2394  2211  1820  1653  1698  1776  1075  1711
Pr0427  1980  1772  1085  1203  1221  1668  2035  1420  1638  1153  1707
Pr0427  1990  1378  1074  1036  1828  1284  1114  1759  1644  1750  1408
Pr0427  2000  1756  1333  1568   921  1225  1353  1286  1265  1577  1736
Pr0427  2010  1668  1871 -9999
Pr0428  1949  1333
Pr0428  1950  1521  1977  2120  2172  2541  1144  2719  2367  2486  2619
Pr0428  1960  2857  3123  2506  2556  2530  2986  1983  1245  1604  2113
Pr0428  1970  1951  1474  1634  1821  1480  1170  1395  1333  1826  2111
Pr0428  1980  2536  1740  2381  2270  2397  2853  1807  2153  1047  1696
Pr0428  1990  1818  2263  2316  2349  2381  1778  1714  1935  2074  1981
Pr0428  2000  2441  1712  2138  1826  1733  1702  1421  1455  2119  2489
Pr0428  2010  2275  2257 -9999
Pr0429  1935  3493  2266  4165  3344  3331
Pr0429  1940  2705  3155  3298  3742  3682  3459  4540  3794  2965  3393
Pr0429  1950  1964  4373  4105  3751  3483  3202  4129  3805  2565  2952
Pr0429  1960  4286  4936  3826  3887  4876  5024  3270  2126  2409  3082
Pr0429  1970  3427  2723  2747  2791  1574  1460  1920  1703  2069  3468
Pr0429  1980  2690  1804  1342  2020  2262  2998  2278  1958  1105  1460
Pr0429  1990  1492  1095  1127  1393  1061  1143  1222  1000  1031  1238
Pr0429  2000  2316  1787  2167   920   889   825   854   756  1213  1179
Pr0429  2010   693   758 -9999
Pr0430  1945  2698  3006  2965  2372  3065
Pr0430  1950  2231  2865  2274  2267  3529  2829  2073  2260  2912  2969
Pr0430  1960  2114  1882  2045  2015  1889  3354  2561  1857  2009  2064
Pr0430  1970  1712  2354  2114  2238  1539  1270  2139  2133  2076  2359
Pr0430  1980  2373  2029  1683  2032  2126  2857  2347  2126  1934  2190
Pr0430  1990  2031  3302  2475  2779  1516  1457  1428  1238  1270  1460
Pr0430  2000  1839  1523  1840  1300  1492  1205  1218   995  1545  1510
Pr0430  2010  1478  1403 -9999

