Pr0501a61864   498   421   612   598   394   393
Pr0501a61870   504   504   331   521   473   537   316   285   363   458
Pr0501a61880   441   410   503   424   608   610   469   548   420   513
Pr0501a61890   468   501   500   469   345   519   520   502   502   533
Pr0501a61900   501   455   669   652   960   686   621   654   778   620
Pr0501a61910   371   342   494   645   551   640   700   930   896   865
Pr0501a61920   929   665   886   731   728   912   607   698   882   782
Pr0501a61930   580   409   492   461   554   670   367   559   500   424
Pr0501a61940   542   604   841   843   612   797   709   525   516   631
Pr0501a61950   677   703   644   463   432   404   481   475   591   552
Pr0501a61960   524   464   337   397   396   447   592   515   546   565
Pr0501a61970   421   487   515   427   324   378   524   463   526   560
Pr0501a61980   438   436   467   439   399   341   460   399   311   459
Pr0501a61990   525   453   550   641   587   369   401   495   403   590
Pr0501a62000   744   713   714   529   685   562   530   693   527   594
Pr0501a62010   457   550 -9999
Pr0501b61798  3034  3653
Pr0501b61800  2771  4199  3706  2647  2300  2075  2402  2965  2130  1856
Pr0501b61810  1226  1643  2124   995  2088  2064  1511  1548  1104  1584
Pr0501b61820  1518  1464  1906  2801  3905  4892  4086  4352  4689  3610
Pr0501b61830  2984  2317  1014  2061  2206  2558  2245  1053  1377  2132
Pr0501b61840  1881  1749  1521  1766  1715  1883  1462   974  1103   948
Pr0501b61850  1310  1219  1253  1540  1192  1317   885   961  1086  1566
Pr0501b61860  1252  1355  1130  1280  1186  1114  1096  1146   692   664
Pr0501b61870  1074  1105   712   853   761   762   490   521   490   550
Pr0501b61880   801  1011   761   883   945   749   714   816   725   980
Pr0501b61890   887   824  1078   887   822  1196  1289  1068  1156  1095
Pr0501b61900   904   779   750   814   940   721   626   615  1140   970
Pr0501b61910   593   590   589   651   803   853   669   781  1190  1166
Pr0501b61920   991   694   814   753   959  1019   709   709   864   895
Pr0501b61930   738   616   707   935   901   668   384   463   628   594
Pr0501b61940   579   520  1074  1167   953  1138   893   753   772   834
Pr0501b61950  1160  1312  1130   673   694   662   630   626   756   998
Pr0501b61960   872   745   650   683   838   899  1274  1121   845  1157
Pr0501b61970   939  1418  1034   814   754   755   918   824   983  1139
Pr0501b61980  1042   947   758   757   631   599   662   694   410   555
Pr0501b61990   578   565   912   976   682   418   318   316   282   444
Pr0501b62000   571   730   730   413   508   413   571   857   794   635
Pr0501b62010   416   428 -9999
Pr0502 51789  3651
Pr0502 51790  3783  3740  2354  3690  2959  2591  3148  2770  3231  3476
Pr0502 51800  2579  2911  2488  2514  2437  1903  2681  3084  1588  1444
Pr0502 51810  1838  1408  1891  1082  1711  1814  1911  1386   776  1181
Pr0502 51820   840   687   858  1350  1418  1437  1162   991  1497  1521
Pr0502 51830  1398  1658   845  1320  1644  1834  1898   727   950  1428
Pr0502 51840  1440  1096  1195  1761  1564  2137  1246   686  1091   716
Pr0502 51850   776   595   720   689   564   755   843   690   532   917
Pr0502 51860   815   688   662  1011   919   697   823   811   457   540
Pr0502 51870   730   825   476   634   476   666   476   349   381   540
Pr0502 51880   508   476   349   317   475   601   569   537   443   665
Pr0502 51890   602   540   635   539   381   444   634   444   476   380
Pr0502 51900   348   507   443   492   864   536   568   665   730   921
Pr0502 51910   730   603   603   476   508   571   634   590   615   667
Pr0502 51920   476   571   730   635   793   761   539   635   698   508
Pr0502 51930   792   634   761   698   793   887   571   756   725   726
Pr0502 51940   727   853  1043   948   791   696   602   538   570   822
Pr0502 51950   724   786   817   628   532   536   600   821   821   756
Pr0502 51960   565   595   441   410   505   536   728   665   444   761
Pr0502 51970   538   538   539   381   481   376   401   361   449   503
Pr0502 51980   540   412   444   380   476   381   444   317   243   270
Pr0502 51990   349   313   401   444   360   349   274   365   280   412
Pr0502 52000   413   349   349   227   302   254   233   254   354   281
Pr0502 52010   211   222 -9999
Pr0503 41790  2635  2991  1666  2934  1771  1047  1424  1098  1271  1727
Pr0503 41800  1504  1301  1155  1130  1247  1362  1313  2056  1354  1237
Pr0503 41810  1260  1356  1521  1081  1871  1893  1814  1473  1191  1485
Pr0503 41820  2563  3341  3128  2836  2749  2817  2514  2001  3038  3256
Pr0503 41830  3081  3765  2311  3701  3896  4015  2185  1180  1824  2393
Pr0503 41840  2098  2097  2404  1835  2209  3151  1294  1148  1630  1010
Pr0503 41850   993   805  1224  1467  1164   786  1165   995  1025  1412
Pr0503 41860  1106   894  1006  1377  1010   884   793   635   428   491
Pr0503 41870   777   839   318   602   365   586   618   555   460   631
Pr0503 41880   740   977   755   832   868   915   790   728   412   571
Pr0503 41890   571   507   603   348   207   333   475   380   524   427
Pr0503 41900   412   411   380   441   728   602   570   648   710   822
Pr0503 41910   537   411   411   506   443   535   441   564   845   566
Pr0503 41920   567   442   473   379   490   552   568   443   757   665
Pr0503 41930   665   476   603   444   413   412   317   349   349   506
Pr0503 41940   537   506   569   600   411   664   599   472   502   565
Pr0503 41950   877   782   749   560   591   497   561   562   625   968
Pr0503 41960   908   626   469   627   848   596   753   628   692   818
Pr0503 41970   728   761  1014   697   507   507   698   603   793   982
Pr0503 41980  1204   855   729   855  1332  1270  1332  1141   682   427
Pr0503 41990   791   984  1365  1143   857   603   667   698   730   887
Pr0503 42000   887  1076  1267   664   443   443   535   569   885   822
Pr0503 42010   507   587 -9999
Pr0504 51802  2348  2404  3314  2852  2925  3694  2291  1599
Pr0504 51810  1772  2048  2462  1467  1845  1878  1470  1434  1147  1515
Pr0504 51820  1542  1498   941  1614  1723  1274  1966  2164  2414  2857
Pr0504 51830  2699  2077  1421  2273  2147  2324  2290  1113  1936  1584
Pr0504 51840  1723  1689  2163  2615  1701  1928  1483  1356  1836   866
Pr0504 51850   881   834  1466  1753  1440   948  1210  1029  1091   945
Pr0504 51860   641   615   889  1409  1300  1022   958   773   495   500
Pr0504 51870   784   909   376   440   440   440   283   377   394   611
Pr0504 51880   815   755   692   567   504   567   598   693   600   980
Pr0504 51890   696   853   977   819   596   850   946   821  1010   789
Pr0504 51900   632   600   727   727  1106  1074   914   628   915   758
Pr0504 51910   537   442   630   598   628   661   630   689  1028   873
Pr0504 51920   748   498   622   466   686   779   562   593   715   497
Pr0504 51930   681   434   711   590   561   623   562   624   623   654
Pr0504 51940   655   779  1123   974   695  1074   760   666   793   698
Pr0504 51950   762   889   730   571   571   571   446   379   507  1015
Pr0504 51960   698   603   540   571   667   540   762   857   729   698
Pr0504 51970   444   507   570   505   504   379   411   506   505   570
Pr0504 51980   507   506   506   506   633   570   411   380   253   349
Pr0504 51990   287   252   381   541   460   254   254   270   284   335
Pr0504 52000   300   349   381   254   285   285   285   285   477   379
Pr0504 52010   317   317 -9999
Pr0505a31870   301   426   348   474   380   475   301   332   443   474
Pr0505a31880   443   474   442   473   377   440   472   500   499   471
Pr0505a31890   281   406   407   409   346   408   408   408   473   600
Pr0505a31900   505   632   570   600   649   506   301   270   269   317
Pr0505a31910   238   222   301   412   491   443   348   300   378   255
Pr0505a31920   222   300   332   348   428   554   348   412   585   380
Pr0505a31930   395   316   251   266   236   220   220   252   284   236
Pr0505a31940   251   394   757   789   473   567   506   442   443   412
Pr0505a31950   552   617   554   522   443   473   395   316   553   520
Pr0505a31960   268   284   284   379   535   489   678   696   790   790
Pr0505a31970   442   663   887   727   712   648   490   552   679   713
Pr0505a31980   791   664   633   507   635   618   554   428   301   475
Pr0505a31990   569   586   981  1046   825   745   555   540   714   809
Pr0505a32000   841   555   665   681   662   539   698   682   682   618
Pr0505a32010   492   634 -9999
Pr0505b31872   560   567   458   603   349   540   603   666
Pr0505b31880   762   688   504   474   479   456   517   663   703   753
Pr0505b31890   600   552   461   630   606   662   473   475   729   794
Pr0505b31900   623   944   722   751  1083   690   484   579   583   714
Pr0505b31910   522   253   332   469   609   668   584   581   678   430
Pr0505b31920   432   455   398   403   428   632   565   559   374   432
Pr0505b31930   610   464   404   488   514   575   550   407   554   614
Pr0505b31940   760   858   946   847   702   768   677   555   560   649
Pr0505b31950   586   591   686   564   657   657   562   623   779  1217
Pr0505b31960   687   843   750   626   753   723   979   570   664   760
Pr0505b31970   436   727   663   662   695   727   760   721   864  1138
Pr0505b31980  1173   824   761   793  1016   540   667   665   340   484
Pr0505b31990   405   460   492   635   525   540   468   381   476   666
Pr0505b32000   864   689   571   405   553   343   540   667   635   508
Pr0505b32010   476 -9999
Pr0506 41790  3917  3380   693  1006   751   647   918   698  1192  1756
Pr0506 41800  1808  1808  1799  1980  1948  2192  2343  2709  1653  1489
Pr0506 41810  1806  1451  1032   884  1026  1089  1092   542   498   151
Pr0506 41820   213   261   444   881   842  1155  1811  1723  2136  1920
Pr0506 41830  2519  2394  1625  2351  2516  2588  1704   725   884  1138
Pr0506 41840  1222  1412  1919  1931  1876  2278  1879  1591  1806   843
Pr0506 41850  1274   928  1556  1809  1143  1492   635  1093  1380  1967
Pr0506 41860  1110  1488  2159  2222  2341  1708  1961  1518  1012   979
Pr0506 41870  1455  1326   725   917   982   950   694   852   757  1014
Pr0506 41880   982  1077  1202  1042   915  1347  1008   974   692  1093
Pr0506 41890   809   856  1046   824   793  1046  1457  1174  1460  1492
Pr0506 41900  1333   984   889   635  1016  1014   444   524   746   539
Pr0506 41910   412   254   412   507   762   696   600   665   728   698
Pr0506 41920   761   602   664   538   697   634   634   508   762   571
Pr0506 41930   603   317   571   696   791   761   730   603   634   538
Pr0506 41940   570   507   633   475   300   396   348   316   317   348
Pr0506 41950   364   585   603   412   444   317   397   428   603   920
Pr0506 41960   697   477   380   443   633   697   851   948   601  1044
Pr0506 41970   570   696   853   885   469   406   748   652   741   929
Pr0506 41980   987  1020   868   526  1124   718   562   405   312   406
Pr0506 41990   656   813   817   848   597   630   757   819   724   724
Pr0506 42000  1041   821   727   632   981   696   917   631  1068  1099
Pr0506 42010   765   779 -9999
Pr0507 51785  4596  5047  4479  4686  4017
Pr0507 51790  4705  4090  2106  3998  3008  1434  2054  1489  1640  2698
Pr0507 51800  2127  2476  2317  2339  1905  2095  1523  1587   918   921
Pr0507 51810  1297  1426  1869   855  1014  1583  1300  1095   744  1198
Pr0507 51820   726   663   628   472   504   694   567   442   661   816
Pr0507 51830  1134  1295   789  1418  1485  1201   791   349   412   444
Pr0507 51840   380   411   443   537   760  1395  1616  1459  2155  1315
Pr0507 51850  1380   951  1301   936  1236  1555  1635  1270  1365  1175
Pr0507 51860   984   825  1048  1143   825   540   730   762   476   413
Pr0507 51870   667   730   476   508   540   539   222   285   222   286
Pr0507 51880   365   460   333   286   238   349   444   349   413   571
Pr0507 51890   476   571   666   759   792   952  1015   889   904  1094
Pr0507 51900   857   897   682   683   921   936   730   539   823   886
Pr0507 51910   665   444   568   507   729   918   903   778  1016  1048
Pr0507 51920   794   635   762   635  1016   952   794   984   984   920
Pr0507 51930   759   473   599   601   443   476   635   762   793   825
Pr0507 51940   698   635   823   792   761   888   793   825   857   952
Pr0507 51950   951  1268  1268  1078  1015  1014   888   666  1060  1125
Pr0507 51960   823   444   381   476   633   761   825   919   586   615
Pr0507 51970   443   444   603   444   460   428   443   507   729   697
Pr0507 51980   699   698   794   667   665   665   650   618   428   523
Pr0507 51990   571   539   730   317   824   824   698   539   397   492
Pr0507 52000   475   349   460   365   381   413   603   492   698   698
Pr0507 52010   397   397 -9999
Pr0508 31815   825   792   634   666   912
Pr0508 31820   480   527   453   553   417   576   647   593   732   592
Pr0508 31830   645   646   377   616   749   710   531   213   190   172
Pr0508 31840   241   208   298   276   358   517   378   403   623   410
Pr0508 31850   562   570   773   578   419   401   579   459   334   559
Pr0508 31860   386   371   574   676   413   406   543   490   380   356
Pr0508 31870   438   740   722   591   849  1027   518   638   484   704
Pr0508 31880   691   689   658   694   581   598   482   427   385   411
Pr0508 31890   330   362   529   675  1018  1310  1305   931   994  1105
Pr0508 31900   854   994  1076   833   977   825   693   617   621   597
Pr0508 31910   425   411   693   481   734  1150   900   921  1213   678
Pr0508 31920   660   586   624   371   576   744   711   851  1000   825
Pr0508 31930   963   836  1020  1009  1058   786   750   933   843   899
Pr0508 31940   899   660   993   997   604   882   795   581   489   703
Pr0508 31950   856   791   735   523   492   476   537   507   661  1020
Pr0508 31960   808   620   465   649   744   560   559   684   467   745
Pr0508 31970   561   591   815   685   593   575   595   579   753   757
Pr0508 31980   946   724   537   471   533   533   472   490   348   331
Pr0508 31990   444   444   586   617   443   412   349   508   412   524
Pr0508 32000   476   365   698   381   571   349   475   633   602   603
Pr0508 32010   444   444 -9999
Pr0509 31790  2762  3016  1040  2557  1543  1268  1852  1221  1891  2276
Pr0509 31800  1855  1701  1458  1369  1342  1471  1756  1474   923   747
Pr0509 31810  1034   883   548   750   749   748   687   470   376   755
Pr0509 31820   345   378   283   189   252   380   633   523   618   507
Pr0509 31830   634   602   238   523   539   476   412   175    95   127
Pr0509 31840    79    63   127   190   254   412   349   286   317   222
Pr0509 31850   285   269   333   381   222   254   286   286   238   460
Pr0509 31860   317   508   603   698   635   603   635   540   476   349
Pr0509 31870   444   635   571   571   667   762   540   730   540   730
Pr0509 31880   667   667   698   539   476   571   538   601   506   664
Pr0509 31890   507   475   665   602   474   630   661   568   696   696
Pr0509 31900   570   538   634   698  1014   793   507   633   693   631
Pr0509 31910   441   284   410   473   505   631   538   474   664   475
Pr0509 31920   443   443   569   460   523   539   507   602   759   569
Pr0509 31930   824   570   728   601   663   598   504   535   538   442
Pr0509 31940   474   537   822   630   440   723   536   348   539   539
Pr0509 31950   698   762   746   617   665   475   602   473   506   633
Pr0509 31960   507   475   443   506   506   348   381   316   348   364
Pr0509 31970   269   379   397   379   316   379   285   300   381   380
Pr0509 31980   539   269   364   285   412   301   333   238   143   159
Pr0509 31990   206   237   285   333   301   159   206   270   206   317
Pr0509 32000   270   206   238   254   301   190   270   349   334   301
Pr0509 32010   222   286 -9999
Pr0510 31786  1167   706   561   676
Pr0510 31790  1143   799   276   753   601   495   279   311   465   499
Pr0510 31800   327   426   504   253   142   316   380   601   364   317
Pr0510 31810   349   238   270   253   270   286   270   174    95   223
Pr0510 31820   159   127   175   127   159   111   143   143   333   238
Pr0510 31830   317   555   413   397   397   254   111    80   127   349
Pr0510 31840   190    95   237   173   126   237   158   189   380   238
Pr0510 31850   347   285   315   268   221   283   252   266   219   249
Pr0510 31860   186   277   343   358   312   341   308   278   123   203
Pr0510 31870   156   346   250   249   186   220   157   220   218   170
Pr0510 31880   218   232   262   292   279   465   432   555   370   525
Pr0510 31890   372   416   410   305   396   552   591   428   736  1096
Pr0510 31900  1012   702   621   636  1240   629   543   727   881   899
Pr0510 31910   926   657  1213  1291   978  1393   935   855  1083   907
Pr0510 31920  1179  1147  1269   953  1476  1773  1092  1653  1811  1179
Pr0510 31930  1698  1214  1514  1460  1372  1442  1115  1132  1337  1311
Pr0510 31940  1125  1658  1805  1098  1096  2027  1125   971   500   968
Pr0510 31950  1062  1061  1243   714  1082   797  1248   982  1462  1093
Pr0510 31960  1098  1008   820   790   790   758  1012  1059   902   983
Pr0510 31970   635   571  1014   825   667   715   778   730   888   983
Pr0510 31980  1397  1206  1016  1016  1302  1079   984   826   381   397
Pr0510 31990   555   413   651   714   587   682   539   730   667   730
Pr0510 32000   761   602   696   522   523   412   491   443   539   396
Pr0510 32010   396   364 -9999
Pr0511 41789  2209
Pr0511 41790  2485  1776  1323  1961   909   709  1445   996  1176  1392
Pr0511 41800  1474  2003  2096  1659  1346  1151  1268  2067  1106  1336
Pr0511 41810  1563  1244  1116  1324  1510  1009   946   885   562  1017
Pr0511 41820   520   465   523   610   585   666   687   747  1068   917
Pr0511 41830  1040   968   511   989   873   783   608   278   345   259
Pr0511 41840   302   225   448   614   413   781   536   478   796   408
Pr0511 41850   368   311   560   716   658   596   576   521   555   683
Pr0511 41860   436   437   695   521   434   451   474   304   378   336
Pr0511 41870   331   520   298   373   344   245   288   518   645   618
Pr0511 41880   768   827   684   385   449   590   440   544   485   633
Pr0511 41890   539   452   860  1200  1561  1928  2917  2095  1823  1796
Pr0511 41900  1484  1300  1144   839  1119  1057   779   766   998   979
Pr0511 41910  1050   552   828  1119   968  1517  1143  1059  1544  2116
Pr0511 41920  2095  2225  2066  1163  1890  1848  1502  1737  2492  1618
Pr0511 41930  2057  1492  2096  1363  1137  1285  1311  1322  1097  1418
Pr0511 41940  1359  1170  1456  1458  1079  1047   809   937   794   761
Pr0511 41950   936   872  1047   777  1062   951   900   838  1103  1345
Pr0511 41960   490   535   569   505   760   696   949   760   601   696
Pr0511 41970   475   569   599   411   364   317   285   428   444   507
Pr0511 41980   632   507   601   570   570   603   571   555   365   523
Pr0511 41990   491   475   633   777   507   554   317   539   412   508
Pr0511 42000   443   365   365   460   380   190   269   285   316   206
Pr0511 42010   190   301 -9999
Pr0512 41787  2124  2506  2467
Pr0512 41790  2106  1566   851  1323   804   733  1131   486   816   979
Pr0512 41800  1072  1441  1206  1045   862  1216  1375  1496   967   719
Pr0512 41810   910   835   962   931  1095   879   877   527   370   925
Pr0512 41820   432   338   399   362   240   273   334   271   483   516
Pr0512 41830   577   520   245   552   583   429   306    92   182   183
Pr0512 41840   336   303   358   515   664   638   458   519   518   366
Pr0512 41850   585   508   660   583   434   654   405   341   370   478
Pr0512 41860   263   431   519   518   526   552   553   431   385   246
Pr0512 41870   291   668   609   424   544   516   333   458   428   369
Pr0512 41880   454   365   432   579   640   764   554   586   523   599
Pr0512 41890   415   637   834   741   685   913  1027   876   942  1117
Pr0512 41900  1051  1270  1431  1460  1692  1358   839  1042  1100  1425
Pr0512 41910  1545  1352  1313  1414  1770  1738  1112  1237  1400   788
Pr0512 41920  1196  1097   942  1001  1557  1267  1613  1366  1522  1201
Pr0512 41930  1670  1194  1670  1766  1837  1328  1633  1795  1566  1461
Pr0512 41940  1564  1414  1911  1834  1520  1641  1276  1120  1088  1246
Pr0512 41950  1323  1353  1603  1380  1126  1329  1377  1411  1771  1779
Pr0512 41960  1438  1070   764   652   622   598   633   917   851  1003
Pr0512 41970   725   881  1073   695   474   443   633   854   885  1043
Pr0512 41980  1352  1090  1088   846   908  1190  1141  1015   906  1004
Pr0512 41990  1002   983  1073  1151  1140   958   626   734   921   767
Pr0512 42000   851   611   784   848  1063   687   719   625   752   754
Pr0512 42010   628   531 -9999
Pr0513 41788  2924  3607
Pr0513 41790  3016  2661  1657  3542  2023  1568  2241  1645  2093  2560
Pr0513 41800  1832  1834  2158  1381  1457  1550  2115  2092  1243  1055
Pr0513 41810  1500  1540  1262  1294  1701  1265   885   725   567   570
Pr0513 41820   349   349   444   444   476   381   713   507   602   411
Pr0513 41830   539   443   315   442   441   441   284   235   141   142
Pr0513 41840   142   189   158   174   111   316   285   284   411   253
Pr0513 41850   253   237   174   285   158   269   237   221   301   317
Pr0513 41860   222   206   253   412   285   253   222   206   206   190
Pr0513 41870   190   347   190   189   189   189   221   253   253   220
Pr0513 41880   221   253   284   190   221   317   127   206   111   127
Pr0513 41890    95    95    95    95   142   174   254   286   317   476
Pr0513 41900   412   571   540   666  1174  1048   730   825   857   889
Pr0513 41910   698   476   983  1110   920  1428   948   916   816   723
Pr0513 41920  1004  1081   855   622   824   870   589   704   879   692
Pr0513 41930   912  1132  1289  1277  1312  1389  1184  1024   725  1095
Pr0513 41940  1127  1368  1265  1150   783   855   857   579   667   789
Pr0513 41950   760   882   854   882   861   835   821   604   965  1153
Pr0513 41960   811   564   500   575   855   771   930   931   808   933
Pr0513 41970   575   699   746   559   681   527   770   708   618   743
Pr0513 41980   774   650   650   557   679   678   776   652   420   358
Pr0513 41990   436   312   592   655   533   393   437   595   422   406
Pr0513 42000   535   410   410   380   521   332   457   472   455   457
Pr0513 42010   331   410 -9999
Pr0514 31802  1111  1395  1300  1281  1458  1468   864   837
Pr0514 31810  1237  1584  1023   715   902  1112  1027   838   631   817
Pr0514 31820   533   889   868   662   631   869   899   868  1028  1018
Pr0514 31830  1246  1039   580   942  1139  1204  1108   338   362   273
Pr0514 31840   364   334   578   757   723   909   670   672   930   559
Pr0514 31850   576   370   872   543   588   963   743   811   778  1122
Pr0514 31860   773   660   882   882   697   570   473   445   286   317
Pr0514 31870   570   636   508   413   349   412   316   505   568   696
Pr0514 31880   662   912   826   452   440   659   625   720   528   528
Pr0514 31890   683   686   795   825   716   779  1185  1003   969   906
Pr0514 31900   531   706   827   720   896   669   344   597   782   693
Pr0514 31910   756   472   755   880   904   880   662   600   730   698
Pr0514 31920   888   951  1014   729   887   784   561   790   982   873
Pr0514 31930   883   597   757   568   666   667   571   794   889   889
Pr0514 31940   984   952   921   889   582   697   539   537   473   714
Pr0514 31950   975   806   780   526   695   606   603   476   724   552
Pr0514 31960   409   467   406   397   615   462   678   493   427   383
Pr0514 31970   222   365   411   334   381   398   381   413   348   365
Pr0514 31980   334   460   445   460   508   413   270   269   175   254
Pr0514 31990   365   302   412   477   396   381   317   367   253   492
Pr0514 32000   460   333   398   206   301   349   490   507   429   488
Pr0514 32010   382   349 -9999
Pr0515 41788  2929  3331
Pr0515 41790  3381  2873  2057  3006  2437  2195  3056  2443  2603  3556
Pr0515 41800  2839  3016  2492  2476  2381  2882  2298  3308  2504  2111
Pr0515 41810  1839  2714  2480  2160  1895  2204  1922  1759  1143  1297
Pr0515 41820   792   853  1295   788   865  1226  1284  1123  1324  1312
Pr0515 41830  1153   967   562  1008  1078  1000  1124   475   507   570
Pr0515 41840   538   411   601   758   761  1143   824   603   889   349
Pr0515 41850   506   379   539   633   411   519   568   459   538   569
Pr0515 41860   396   522   602   759   443   539   602   524   491   444
Pr0515 41870   570   488   251   284   268   378   284   379   333   428
Pr0515 41880   348   349   412   411   473   616   553   474   443   507
Pr0515 41890   475   475   460   414   522   762   951   697   697   855
Pr0515 41900   569   790   824   697   951   888   569   665   634   855
Pr0515 41910   633   506   632   761   856   856   507   537   791   633
Pr0515 41920   788   724   691   597   792   666   476   381   635   635
Pr0515 41930   698   525   540   554   773   727   585   506   505   632
Pr0515 41940   727   855   947   664   584   834   758   727   822   603
Pr0515 41950   761  1077  1044   713   570   681   562   561   624   783
Pr0515 41960   632   554   523   539   729   761   476   444   444   508
Pr0515 41970   381   508   445   333   286   332   411   317   365   363
Pr0515 41980   443   507   381   508   286   253   317   285   222   221
Pr0515 41990   253   316   317   253   347   285   316   286   317   348
Pr0515 42000   347   253   316   222   254   222   301   381   381   333
Pr0515 42010   271   270 -9999
Pr0517 41785  3972  4013  4580  4892  3363
Pr0517 41790  4015  3542  2173  3821  1731  1457  2446  1671  2056  2733
Pr0517 41800  2481  2825  2627  1675  2060  2403  2437  3361  2190  1529
Pr0517 41810  2255  2184  1775  1038  1508  1380  1316   969   448  1006
Pr0517 41820   566   503   472   440   477   649   377   473   730   656
Pr0517 41830   788   671   332   639   662   606   555   222   324   277
Pr0517 41840   197   182   293   436   325   508   381   381   508   349
Pr0517 41850   294   278   437   428   364   578   579   498   538   568
Pr0517 41860   379   443   535   440   568   440   566   537   657   557
Pr0517 41870   541   692   502   440   505   601   281   398   475   488
Pr0517 41880   479   468   462   407   313   686   635   639   370   442
Pr0517 41890   410   378   346   283   503   936   974   846  1131  1409
Pr0517 41900  1783  1515  1489  1152  1567  1348   596   536   663   534
Pr0517 41910   471   451   739   785   666   756   753   439   641   519
Pr0517 41920   414   441   690   563   935  1162   786   817  1068  1003
Pr0517 41930  1501  1395  1304  1335  1149  1176   924   927   774   893
Pr0517 41940   868   982  1235  1232   981  1074   861   647   677  1027
Pr0517 41950  1183  1303  1339   970  1006   817   914   899  1042   995
Pr0517 41960   315   347   284   331   521   555   712   630   505   501
Pr0517 41970   342   527   532   438   499   531   653   497   561   690
Pr0517 41980   756   474   378   537   347   378   474   569   379   441
Pr0517 41990   378   567   758   568   726   664   442   537   441   598
Pr0517 42000   662   568   569   254   553   301   315   474   348   411
Pr0517 42010   318   272 -9999
Pr0518 31809   571
Pr0518 31810   920   667   571   539   567   939   989   548   223   390
Pr0518 31820   227   203   206   298   151   199   231   214   503   483
Pr0518 31830   478   411   312   568   675   571   297    71   169   169
Pr0518 31840   226   243   357   345   286   428   230   214   217   262
Pr0518 31850   440   332   498   227   238   416   303   303   271   288
Pr0518 31860    45    46   107   107    91    61    61    76    61    61
Pr0518 31870    77    46    61    92   199   168   139   170   183   185
Pr0518 31880   216   246   154   153   216   108   124    78    63   126
Pr0518 31890   110    79    63    79   126   110   313   313   345   344
Pr0518 31900   235   235   282   344   454   329   203   203   219   375
Pr0518 31910   343   218   593   501   408   566   471   282   408   299
Pr0518 31920   235   439   502   283   408   566   441   629   598   784
Pr0518 31930   911   613   645   409   441   473   379   379   379   348
Pr0518 31940   347   346   821   758   631   694   504   378   410   458
Pr0518 31950   645   585   649   380   491   412   538   524   651   397
Pr0518 31960   286   349   349   444   698   508   540   413   381   381
Pr0518 31970   127   381   286   317   412   475   539   730   603   444
Pr0518 31980   793   635   571   603   746   873   873   857   651   825
Pr0518 31990   920  1046  1268  1078   887   824   698   984   952  1650
Pr0518 32000  1365   953  1270   760   887   697  1108  1110   984   762
Pr0518 32010   508   667 -9999
Pr0519 61801   889   825   699   730   586   473   742   564   449
Pr0519 61810   319   321   264   259   231   335   306   275   175   191
Pr0519 61820   221   208   181   212   228   280   249   249   374   250
Pr0519 61830   252   222   127   286   174   143   286   111   159   111
Pr0519 61840    95   127   175   206   158   317   190   142   300   189
Pr0519 61850   221   190   221   158   142   237   300   142   238   142
Pr0519 61860   127   127   127   111   174   143   159   111   127    63
Pr0519 61870    48   238   127   143   111   190   206   190   174   174
Pr0519 61880   142   284   316   222   158   158    95   127    95   190
Pr0519 61890   143   174   254   190   285   381   317   222   316   380
Pr0519 61900   507   599   786   723   943   756   600   618   538  1059
Pr0519 61910   885   409   913   888   759   981   791   758   950  1137
Pr0519 61920  1353  1257  1350  1413  1790  1427  1358  1658  1330  1362
Pr0519 61930  1619  1305  1227  1270  1276  1829  1514  1514  1145  1418
Pr0519 61940  1097  1600  1668  2063  1943  1895  1520  1319  1472  1478
Pr0519 61950  1208  1204  1305  1063   875   968   809   902   964  1183
Pr0519 61960   691   627   855  1113  1625  1780  1894  1753  1572  1461
Pr0519 61970   773   743   930   904   940  1180   859   971  1169   949
Pr0519 61980  1363   920   984   952   888  1079  1302  1079   889   825
Pr0519 61990   984  1428  1143  1334   730   967   711   697   855  1141
Pr0519 62000  1190  1124  1169   628   842   561   657   812   842   869
Pr0519 62010   744   691 -9999
Pr0520 61799  5040
Pr0520 61800  4489  3877  4372  4381  4953  5036  3709  4926  4560  4313
Pr0520 61810  3758  3234  3948  2765  4163  3158  2349  1971  1331  2068
Pr0520 61820  1867  1619  1016  1333  1428  2126  1809  1746  2061  1934
Pr0520 61830  1935  1777   698  1363  1551  1300  1237   571   952  1175
Pr0520 61840  1269  1111  1269  1428  1237  1837  2057  1488  1936   983
Pr0520 61850   983   920  1293   864  1110  1141  1258   979  1326  1579
Pr0520 61860  1074  1169   820   914   846   585   712   825   600   687
Pr0520 61870  1089  1267  1280  1002   622   562   532   597   694   819
Pr0520 61880   883   725   504   473   536   472   440   284   347   411
Pr0520 61890   348   405   410   415   471   499   784   731   825   984
Pr0520 61900   952  1175   921   666   762   729   697   665   762   825
Pr0520 61910   603   540   508   508   444   762   857   794   729   666
Pr0520 61920   615   748   824   666   857   698   698   762   857   730
Pr0520 61930   761   571   761   571   600   415   472   478   443   443
Pr0520 61940   571   413   730   857   667   667   413   537   479   522
Pr0520 61950   621   730   762   666   693   536   632   475   697   569
Pr0520 61960   630   380   285   349   362   494   571   730   444   475
Pr0520 61970   351   413   476   381   286   286   411   255   332   269
Pr0520 61980   444   380   285   348   331   285   222   190   175   221
Pr0520 61990   268   254   238   221   191   285   191   221   158   174
Pr0520 62000   222   237   222   283   158   252   251   407   344   421
Pr0520 62010   390   375 -9999
