Pr0701 21981  3516  3431  2537  3345  2951  3108  4773  3633  2941
Pr0701 21990  2520  2813  2768  3630  2303  2343  2000  2938  3819  4275
Pr0701 22000  2886  2723  2744  2868  2713  2823  2508  2566  3241  2705
Pr0701 22010  2817  2490 -9999
Pr0702 21976  1875  2092  2516  3590
Pr0702 21980  3258  1795  2109  2233  2242  2947  2600  3302  3143  2474
Pr0702 21990  3312  3908  4032  4558  4193  4678  3638  3535  4454  5650
Pr0702 22000  4700  3660  3627  3817  3034  2597  1949  2637  2982  2826
Pr0702 22010  3302  2919 -9999
Pr0703 31979  5993
Pr0703 31980  5750  4704  4957  4666  4909  5263  4772  5565  5683  4344
Pr0703 31990  4408  5206  4454  6225  3723  4520  3622  3257  4352  4824
Pr0703 32000  5196  3905  3729  3752  2648  2667  2769  3816  3762  2849
Pr0703 32010  2607  2445 -9999
Pr0704 51843  2996  3461  3760  3547  3407  3695  2725
Pr0704 51850  3860  4204  3788  3894  3473  3277  2784  2404  2194  2610
Pr0704 51860  1922  2482  2578  1950  2015  1549  2018  2330  1741  1780
Pr0704 51870  1525  2512  1185  1571  1124   904   905  1402  1260  1683
Pr0704 51880  1525  1187  1806  1644  1212  1562  1467  1807  1628  1744
Pr0704 51890  1696  1402  1060  1399  1212  1273  1380  1199  1505  2013
Pr0704 51900  1918  2111  1541  1888  1738  1775  1201  1287  1163   692
Pr0704 51910   505  1106  1038  1129  1192  1163  1345  1058  1105   776
Pr0704 51920   927  1035  1130  1004  1462  1612  1286  1213  1380  1064
Pr0704 51930  2156  1796  1804  1170  1138  1136   944  1133  1510  1966
Pr0704 51940  1873  1795  1855  1365  1363  1695  1270  1367   892   998
Pr0704 51950  1341  1507  1567  1360  1451  1136  1034  1032  1400  1890
Pr0704 51960  1623  1306  1268   866   655   815   782   615   646  1130
Pr0704 51970   916   889  1048  2073  1289  1039  1196  1283  1222  1343
Pr0704 51980  2320  1356  1771  1045  1521  1299  1203  1582   970   775
Pr0704 51990   857  1492  1489  1652  1680  1288  1219  1140  1331  1741
Pr0704 52000  1997  1737  1958  1377  1217  1310  1088  1547  1938  1578
Pr0704 52010  1769  1327 -9999
Pr0705 61855  2348  3229  1952  1371  2134
Pr0705 61860  1536  1947  2454  2345  2088  2311  1904  1711  1177  1507
Pr0705 61870  1651  2744  1800  2399  1237  1998  1706  2389  2109  1778
Pr0705 61880  1592  1806  1995  1936  1394  1639  1254  1276   911  1115
Pr0705 61890  1101  1369  1450  1467  1306  1998  2231  1440  1465  1862
Pr0705 61900  1712  2164  1975  1965  1927  2489  1749  1389  1403  1057
Pr0705 61910   766  1328  1141  1626  1609  1678  1732  1484  2033  1378
Pr0705 61920  1125  1178  1192  1070  1583  1817  1933  2078  1954  1741
Pr0705 61930  2430  2668  2377  1675  1421  1686  1148  1491  1828  1907
Pr0705 61940  1647  1819  2233  3033  2962  2221  1661  1514  2053  1769
Pr0705 61950  1825  2120  1825  1259   869   847   731  1010  1668  2800
Pr0705 61960  2236  1736  1537  2012  1655  2344  1993  2047  2065  2571
Pr0705 61970  1939  2230  3154  3215  2450  1923  1952  1941  1760  1504
Pr0705 61980  1625  1990  1562  1454  2227  2098  1726  1938  1757  1420
Pr0705 61990  1029  1718  2784  3133  2334  1957  1800  1450  1481  2080
Pr0705 62000  1920  2113  2779  2491  2360  1905  1606  2171  3575  3006
Pr0705 62010  2663  2124 -9999
Pr0706 61846  3835  5732  5674  3519
Pr0706 61850  4471  5099  4529  4606  5343  4361  4761  3297  2421  3821
Pr0706 61860  2352  3173  3623  2521  2294  2048  2286  2307  1772  1776
Pr0706 61870  2030  2825  1585  2690  1165  1650  1547  1998  1743  1551
Pr0706 61880  1514  2016  1919  1532  1245  1578  1519  1572  1727   947
Pr0706 61890  1299  1234  1047  1016  1524  1555  1746  1463  1381  1759
Pr0706 61900  2286  1841  1674  2092  2285  2949  2000  1828  1886  1098
Pr0706 61910   711  1289  1172  1488  2061  2159  2000  1711  1866  1586
Pr0706 61920  1109  1166  1363  1108  1297  1266  1519  1614  1555  1428
Pr0706 61930  1906  1897  1905  1143  1146  1142   917  1175  1079   857
Pr0706 61940   889  1016   762   539   444   539   759   885   791   981
Pr0706 61950  1203  1331  1272   969   837   793   634   507   793  1522
Pr0706 61960  1235   887   760   540   476   697   665   570   822   977
Pr0706 61970   852  1075  1168  1161  1099  1042  1291  1100  1036  1445
Pr0706 61980  1567  1346   866   853  1232  1233  1109  1045   919   729
Pr0706 61990   823  1013  1520  1710  1267   920   761   761   952  1301
Pr0706 62000  1269  1425  1901  1620  1201   889  1064   967  1680  2470
Pr0706 62010  2316  2191 -9999
Pr0707  1878   725   656
Pr0707  1880   586   623   654   627   793   611   458   584   673   121
Pr0707  1890   431   587   432   434   712   710   708   586   436   561
Pr0707  1900   564   502   566   818  1028  1311   716   683   406   372
Pr0707  1910   404   561   624   687   779   965   687   624   626   531
Pr0707  1920   564   374   407   190   437   468   313   436   464   384
Pr0707  1930   676   875   770   616   709   477   445   456   521   739
Pr0707  1940   839   991  1160  1355  1235  1520  1359  1206   920  1270
Pr0707  1950  1141  1270  1237  1394  1392  1361  1013   792  1111  1615
Pr0707  1960  1206  1206   794   635  1142  1140  1171   983  1142  1524
Pr0707  1970  1365  1238  1651  1523  1522  1586  1681  1649  2155  1933
Pr0707  1980  1555   862   597   920  1587  1427  1767  1801  2122  1618
Pr0707  1990  1110  1365  1524  2213  1755  1894  1403  1203  1799  2434
Pr0707  2000  2094  1803  1510  1318  1377   967  1188  1552  1381  2678
Pr0707  2010  4433  2446 -9999
Pr0708 41844  1524  2021  2518  2975  3278  2886
Pr0708 41850  3223  3047  2487  2233  2576  1906  2065  1443  1231  2086
Pr0708 41860  1040  1455  1746  1650  1603  1220  1141   918   728   948
Pr0708 41870   789  1262  1041  1200   790   724   755   952  1079   919
Pr0708 41880   696   854   853   903  1014   997  1174  1175   889   729
Pr0708 41890   951   916   978   726   695   601   920   793  1031  1092
Pr0708 41900  1078  1079  1143   984   969   841   698   683   746   508
Pr0708 41910   603   793   984  1079  1237  1143   698   826   746   650
Pr0708 41920   666   507   555   507   587   507   444   538   695   505
Pr0708 41930   884   901   882   756   772   632   601   757   820  1100
Pr0708 41940  1194  1286  1024  1343  1423  1423  1301  1159   935   874
Pr0708 41950  1031  1048  1080  1047   793   952   855  1030  1027  1930
Pr0708 41960  1836  1392  1218  1090  1259  1074   822   883   981  1046
Pr0708 41970  1048  1268  1666  1475  1142   634   761  1015   857   714
Pr0708 41980  1157  1142  1111   730   762   729   730   730   730   730
Pr0708 41990   729   810   745   826   697   825   633   730  1047  1269
Pr0708 42000  1458  1651  2095  1905  1396  1238  1206  1397  2476  2413
Pr0708 42010  3175  3270 -9999
Pr0709 21973  3939  4405  4654  5471  5283  4230  5970
Pr0709 21980  5447  3340  4738  5027  5084  4387  2849  5262  3458  2158
Pr0709 21990  2222  2646  2885  4047  2845  1883  1823  1617  3143  3222
Pr0709 22000  2556  2333  2331  2158  1327  1894  1894  1993  2295  2314
Pr0709 22010  2016  1880 -9999
Pr0710 31897  2284  2350  2266
Pr0710 31900  2376  2403  2271  2317  2247  2113  2079  1825  1870  1690
Pr0710 31910  1852  2632  2399  2296  2048  1867  2528  1828  1718  1567
Pr0710 31920  2128  2407  1444  1553  2001  1711  1732  1649  1590  1207
Pr0710 31930  2252  1624  1377  1131  1281  1633  1360  1312  1628  2188
Pr0710 31940  1979  2169  2565  2693  2873  2258  2191  2139  1994  2201
Pr0710 31950  2326  1649  1681  1116  1729  2053  2126  2286  4159  4095
Pr0710 31960  3737  2945  2475  2254  2794  2698  2318  2729  2854  2190
Pr0710 31970  1810  1873  1928  1619  1618  1460  1491   984   983  1298
Pr0710 31980  1487  1167  1295  1390  1453  1295  1641  1739  1425  1299
Pr0710 31990  1030   929  1167  1268  1170  1075  1142  1237  1396  1381
Pr0710 32000   984  1476  1682  1174  1046  1300  1236  1106  1236  1552
Pr0710 32010  1584  1331 -9999
Pr0711 31972  6803  4234  5367  4983  3632  3463  3790  4628
Pr0711 31980  3937  2320  3120  2612  2974  2536  3093  3046  2021  2204
Pr0711 31990  2384  1900  2990  3298  2238  1476  1358  1361  1968  2019
Pr0711 32000  1451  1492  1587  1365   984  1013  1044  1011  1415  1279
Pr0711 32010  1161  1040 -9999
Pr0712a31973  7010  6483  5753  7722  5311  8019  6341
Pr0712a31980  3945  3270  5367  6349  5169  5534  5388  2957   789  2757
Pr0712a31990  4031  2783  2431  2440  3088  2981  2880  2281  2564  3252
Pr0712a32000  2723  2253  3174  2379  2155   983  1237  1790  1158  1246
Pr0712a32010  1211   899 -9999
Pr0713a21966  4108  2197  2112  3928
Pr0713a21970  3739  4081  4965  3793  3393  2981  2221   920  2063   349
Pr0713a21980  2030  3077  2413   952  1365  1111  2920  1651   381  1492
Pr0713a21990  1016  1032  2016  1810  1619  1364  1175  1141  2213  2853
Pr0713a22000  1871  1587  2445  1967  1293  1075   917   887  1456   950
Pr0713a22010  1108   920 -9999
Pr0714 21965  2663  3011  5064  6457  4380
Pr0714 21970  4661  5120  1092  2320  5163  4949  3172  3645  3015  3202
Pr0714 21980  2675  1477  3401  2387  2752  2435  1707  2372  1392  1791
Pr0714 21990  1258  1036  1160  1224   753   974   880   881  1197  1361
Pr0714 22000  1491  1264  1134   756   599   631   915   694   885   729
Pr0714 22010   762   952 -9999
Pr0715 21967  2631  4550  6205
Pr0715 21970  5486  4457  5753  5206  3934  4261  2682  3906  3244  3028
Pr0715 21980  3296  1782  2459  2539  2698  3232  1696  2432   172   297
Pr0715 21990   282   408   691   664   886  1043  1201  1265  2597  2744
Pr0715 22000  2571  1935  1869  1390   946  1195  1040   978  1427  1268
Pr0715 22010  1265  1135 -9999
Pr0716 21968  4657  6465
Pr0716 21970  4126  4366  4562  4742  3343  3425  2635  3774  3171  3297
Pr0716 21980  2878  1643  2999  2475  2843  2809  1836  2287  1190  1222
Pr0716 21990   904   905  1249  1583  1162  1065   752   878  1043  1427
Pr0716 22000  1206  1269  1397  1014   920   762   825   825   952   825
Pr0716 22010   825   921 -9999
Pr0717a21970  1111  2064  3372  3331  3067  4037  2919  4284  3560  4869
Pr0717a21980  4993  3045  4134  3595  4363  3751  2441  3011  2695  1840
Pr0717a21990  1554  1364  1458  2537  2095  1441  1064  1392  1771  2254
Pr0717a22000  1999  1649  1961  1487   916  1043  1042  1327  1833  1106
Pr0717a22010  1487  1234 -9999
Pr0718 21967  2514  2396  3432
Pr0718 21970  2156  2444  3460  5142  3776  4887  4000  4604  4190  4190
Pr0718 21980  4307  2345  3272  2946  3136  2851  2566  3920  1902  1704
Pr0718 21990  1045   919  1458  2209  2107  1215  1104  1490  1873  2395
Pr0718 22000  2550  2147  1849  1200  1042  1011   853  1671  1321  1071
Pr0718 22010  1040   996 -9999
Pr0719 21965  2776  4682  4257  4893  3994
Pr0719 21970  3648  4688  5115  5142  4173  4473  3429  4601  4366  4583
Pr0719 21980  4766  1712  2180  1829  2649  2806  1867  2819  2032  1237
Pr0719 21990   887   634   825  1174  1047   602   412   476   761   919
Pr0719 22000   729   857   857   698   507   349   317   444   666   443
Pr0719 22010   410   593 -9999
Pr0720  1966  3009  1845   883  3110
Pr0720  1970  3453  4526  6189  3859  5272  2503  1349  3994  3975  4760
Pr0720  1980  4722  2358  4001  3350  4431  3102  1611  2886  2018  1296
Pr0720  1990  1235  1079  1365  1619  1397  1873  1365  1205  1455  1898
Pr0720  2000  2249  1549  2050   916   790   660   818  1006  1074  1043
Pr0720  2010  1265  1011 -9999
Pr0721 21963  3111  3469  3755  4716  5487  5077  4248
Pr0721 21970  3642  3160  3683  4220  3867  3068  1797  2563  1955  2283
Pr0721 21980  2279  1261  1510  1041   970  1041   733   617   821   710
Pr0721 21990   490   218   277   269   576   519   825   747   714  1003
Pr0721 22000   410   453   757   475   190   758   991  1453   807   552
Pr0721 22010   236   737 -9999
Pr0722a21965  2477  5221  3365  4171  4074
Pr0722a21970  4030  4180  4053  3014  2507  2596  1992   916  2334  1234
Pr0722a21980  2023  1390  1599  2183  1722  1351   567  1075   758   410
Pr0722a21990   411   411   601   570   630   441   127   596   942  1568
Pr0722a22000  1097  1071  1136   947   631   410   505   537   952   652
Pr0722a 2010 -9999
Pr0723 21968  2649  5140
Pr0723 21970  4391  4435  4350  3610  3951  3903  3982  4127  3656  3698
Pr0723 21980  3403  2323  2879  2806  3380  2518  2296  3098  2226  1480
Pr0723 21990  1957  1844  2491  2770  1942  1729  1534  1705  1832  2181
Pr0723 22000  1673  1229  1642  1519  1173  1079  1048  1270  1206  1163
Pr0723 22010   997   836 -9999
Pr0724 21967  1746  1873  3567
Pr0724 21970  3100  3567  4508  4493  4418  3923  2633  3475  3043  2907
Pr0724 21980  3065  2054  2779  2135  2854  2737  1965  2043  1582  1340
Pr0724 21990  1295  1029  1801  1471  1028   918   715   764   892  1575
Pr0724 22000  1007  1038  1363  1116   785   661   756   817   884   862
Pr0724 22010   733   626 -9999
Pr0725 21969  3238
Pr0725 21970  3144  4467  3752  5464  4219  3905  3615  3382  3173  4187
Pr0725 21980  3264  2028  3702  2401  2401  2951  2064  3370  2772  1986
Pr0725 21990  1736  1201  1961  2188  1928  1923  1379  1743  1995  2681
Pr0725 22000  1901  1602  1829   856   635   508   857  1079  1079   857
Pr0725 22010   667   921 -9999
Pr0726 21973  3328  4213  4386  3130  3142  3469  3563
Pr0726 21980  3633  2377  3794  3118  4136  3688  2621  3406  2286  2239
Pr0726 21990  2317  2004  2799  3133  2990  2397  2138  1632  2245  2484
Pr0726 22000  2264  1957  2148  1801  1783  1413  2127  2254  2123  1423
Pr0726 22010  1106  1317 -9999
Pr0727 21970  3280  3189  4341  3995  4337  4166  2943  3312  2566  2949
Pr0727 21980  2503  1887  2382  2030  2090  1999  2029  2250  1362  1172
Pr0727 21990  1235   966  1028   818   585   490   379   474   601   791
Pr0727 22000   967   936  1233  1138   727   569   949   665   759   602
Pr0727 22010   587   492 -9999
Pr0728 21969  3556
Pr0728 21970  4342  4253  4456  3839  4093  3933  2219  2782  3099  3166
Pr0728 21980  2737  2382  2780  1730  2448  2086  1833  1992  1391  1138
Pr0728 21990   981   692  1221  1159   896  1016   750   938  1282  1361
Pr0728 22000   980   916  1072  1290   879   910  1098  1285  1311  1307
Pr0728 22010  1131  1131 -9999
Pr0729 21974  2761  4562  3246  4068  3828  4445
Pr0729 21980  3898  3227  3850  3003  3552  3145  1972  3044  2503  1637
Pr0729 21990  1731  1539  1870  2563  1821  2639  1869  1555  1613  2562
Pr0729 22000  2688  2541  2792  2063  2155  1238   794  2295  3023  2644
Pr0729 22010  2835  1231 -9999
Pr0730 21969  2887
Pr0730 21970  2829  3847  4933  4108  4875  5308  4216  5215  5150  5842
Pr0730 21980  4667  2689  4609  3213  2735  2737  2398  2721  2186  1853
Pr0730 21990  1594  2253  2190  2539  2358  1982  1289  1103  1540  1770
Pr0730 22000  2182  1640  1548  1173   792   539   603   635   762   793
Pr0730 22010   507   825 -9999
