Pr1001 51864    72  2747  4730  2744  1185  2271
Pr1001 51870  2249  3036  2408  1604  2051  1938  1134  1551  2116  1894
Pr1001 51880  1951  1186  1594  1847  1453  1129  1339  1757  1880  1499
Pr1001 51890  1511  2187  2636  2161  1296  1153  2121  2515  3003  2507
Pr1001 51900  3185  3000  2614  2931  2784  2733  3306  2823  2326  2207
Pr1001 51910  1676  2107  2633  3494  2275  2589  2201  1818  1910  1455
Pr1001 51920  1595  2360  2205  2153  2776  2289  2338  2216  2036  1982
Pr1001 51930  1499  1110  1459  1682  1303   985  1032  1032  1016  1268
Pr1001 51940   887  1143  1270  1903  1633  2169  2623  1362  1013   951
Pr1001 51950   600   948   852   915   884   789   853   878   847   627
Pr1001 51960   565   659   409   392   394   818   885   601   634   634
Pr1001 51970   635   857   760   506   618   745   697   726   727   697
Pr1001 51980   729   698   444   539   887   982  1197  1132   716   745
Pr1001 51990   839   808   918   665   602   656   531   656   690   693
Pr1001 52000   631   442   539   539   444   349   476   665   634   602
Pr1001 52010   524   412 -9999
Pr1002 41856   127  3989  2193  2871
Pr1002 41860  1814  2155  1491  1599  2020  2073  1876  1420   721  2304
Pr1002 41870  1597  1225  1280  1307  1488  1200   992  1462  1972  1989
Pr1002 41880  2273  1607  2329  2188  1859  1619  1968  1393  1340  1817
Pr1002 41890  1490  1774  1804  2341  2054  1327  1778  1981  2426  2286
Pr1002 41900  2028  1648  1808  1807  1333  1778  1871  1872  1587   921
Pr1002 41910  1542  1264  1230  1831  1756  1682  2190  2156  2177  1221
Pr1002 41920  1047   982  1077   602   921  1142  1293  1780  1354  1597
Pr1002 41930  1412   971   909   878   471   723   441   534   565   314
Pr1002 41940   439   504   695   442   316   300   585   570   317   254
Pr1002 41950   190   381   381   444   603   603   508   317   381   348
Pr1002 41960   286   444   254   190   349   508   349   238   348   459
Pr1002 41970   695   853   568   788   950   998   810  1014   571   856
Pr1002 41980   761  1300  1014   982   982  1356  1229   854   396   587
Pr1002 41990   666   951   475   634   475   348   444   381   444   413
Pr1002 42000   381   423   434   286   307   328   328   370   476   381
Pr1002 42010   402   286 -9999
Pr1003 41838   897   870
Pr1003 41840  1192   779   531  1029  1019   714   968   752   521   677
Pr1003 41850   630   385   634   708   734   568  1753   702   824  1486
Pr1003 41860  1224  1961  1797  2490  2355  1754  4480  2817  1376  2264
Pr1003 41870  1656  1317  1323  1123  1043   888   974  1276  1733  1336
Pr1003 41880  1830  1362  2025  1960  1546  1740  1898  1387  1241  1691
Pr1003 41890  1818  1191  2187  1995  1810  1427  1921  1952  1611  1815
Pr1003 41900  1982  2363  2093  2124  1889  1704  1726  1297  1358  1056
Pr1003 41910  1304  1544  1943  2420  1144  1757  1078  1770  1387  1254
Pr1003 41920  1283  1180  1114  1147  1644  1739  1656  1813  1492  2165
Pr1003 41930  1727  1068  1470  1600  1007   943   852  1012  1202   773
Pr1003 41940   774   917   951  1109   666   730   920   824   666   730
Pr1003 41950   794   857  1079   889   825   982   887   475   793   538
Pr1003 41960   539   761   444   381   602   599   252   252   317   444
Pr1003 41970   285   444   413   635   857   571   603   600   538   697
Pr1003 41980   952   793   730   539  1142  1077   982  1045   729   729
Pr1003 41990   919   667   889   952   921  1016   984   793   889   920
Pr1003 42000   983   635   952   825   540   492   619   793   683   745
Pr1003 42010   698   730 -9999
Pr1004 11958  1317   786
Pr1004 11960  1130  1201   702   914   915  1099  1187   874  1621  2225
Pr1004 11970  1856  1882  2011  2391  1912  1191  1069  1635   534  1297
Pr1004 11980  2072  2321  1105  1630  2270  1999  1740  1238  1460  1778
Pr1004 11990   968   432  1331   727   444   730   792   727   507   793
Pr1004 12000   889  1097   933  1141  1141   729  1343  1654  1898  2780
Pr1004 12010  1896  1102 -9999
Pr1006 41872    66  4804  3019  2956  2691  3500  3081  2938
Pr1006 41880  3249  2857  3124  2981  2350  2281  2066  1537  1375  1782
Pr1006 41890  1146  1369  1910  1952  1733  1041  2005  2219  2348  1841
Pr1006 41900  2347  2327  2233  1978  1744  2298  2392  1541  1486  1014
Pr1006 41910  1355  1423   857  1206  1127  2285  2519  1902  1469   809
Pr1006 41920   987  1225  1312  1276  1737  1927  1663  1087   504   635
Pr1006 41930  1015   725  1916  1688  1205  1166   924  1044   980   651
Pr1006 41940   618   629   887   952   794   667   889   730   794   762
Pr1006 41950   540   818   883   730   730   603   603   603   824   536
Pr1006 41960   630  1069   506   348   412   507   666   634   664   821
Pr1006 41970   473   631   536   841   929   855   668   719   879   913
Pr1006 41980  1102  1109   665   824  1140  1459  1523  1556   889   698
Pr1006 41990   921   794   825   825   730   571   476   635   762   539
Pr1006 42000   697   729   888   980   821   694   633   919   791  1047
Pr1006 42010   856   602 -9999
Pr1008 51815  2857  2512  2147  1621  2174
Pr1008 51820  1963  1989  1849  2046  1646  1507  2078  2337  2381  2059
Pr1008 51830  2474  1714  1238  2093  1301  2000  1850  2391  1791  1583
Pr1008 51840  1933   959  1722  2260  2254  2154  1459  1804  4283  3141
Pr1008 51850  2907  4150  3332  3583  2991  2064  2412  2285  1511  2092
Pr1008 51860  1523  1651  2378  3111  1651  3387  3587  2093   980  1298
Pr1008 51870  1328  1536  1415  1201  1327   602   539   792   793  1015
Pr1008 51880  1270  1333  1460  1904  2221  2156  2444  1365   952  1460
Pr1008 51890  1238  1175  1873  1894  1485   698  1269  1587  1238  1111
Pr1008 51900  1491  1396  1302  1111  1206  1111  1270   952  1456   823
Pr1008 51910  1171   982   887  1230   756  1039  1006   945  1105   632
Pr1008 51920   696   919   824   762   889   952  1141  1896  1574  1703
Pr1008 51930  2082  1100  1160  1319   912   564   376   596   409   508
Pr1008 51940   286   380   759   475   442   347   568   472   470   470
Pr1008 51950   344   468   313   439   628   691   597   628   503   409
Pr1008 51960   471   472   315   146   358   564   507   285   380   603
Pr1008 51970   412   571   317   349   413   349   222   254   222   317
Pr1008 51980   349   476   413   381   603   984  1015   952   571   667
Pr1008 51990   667   413   476   571   571   476   444   603   603   571
Pr1008 52000   698   889  1175   952   794   444   571   855   856   888
Pr1008 52010   698   667 -9999
Pr1010 21957   525  1926  1368
Pr1010 21960  1553  1369  1350  1159  1522  1414  1481  1445  1931  2333
Pr1010 21970  2105  3109  3288  3223  3039  2590  3638  2532  1333  1364
Pr1010 21980  1802  2419  2390  2665  3080  3863  2812  2160  2344  3184
Pr1010 21990  2699  1780  2411  2279  2251  1795  1522  1458  1261  1724
Pr1010 22000  2158  2508  1767  1672  1959  1168  1631  2226  2334  2760
Pr1010 22010  1942  1966 -9999
Pr1011 21958  1143  1281
Pr1011 21960  1454  1682  1111   949  1892  1629  1581  1444  1534  2345
Pr1011 21970  2398  2525  2567  3022  3058  2274  3954  2806  1253  2924
Pr1011 21980  3675  3611  2399  2964  3584  3271  3752  2528  2310  2567
Pr1011 21990  2248  1992  2047  1951  1490  1586  1492  1365  1523  2279
Pr1011 22000  2030  1650  1650  1554  1524  1143  1587  1746  1714  2445
Pr1011 22010  2172 -9999
Pr1012 11980  2533  2620  2238  2062  3799  3796  3746  2744  3385  3237
Pr1012 11990  2348  1804  2621  2444  2258  1664  1646  1363  1333  1905
Pr1012 12000  1999  2381  2063  1396  1396  1047  1424  1587  2249  3117
Pr1012 12010  2146  1831 -9999
Pr1013 21962  1426  1137  1600  1993  2002  1993  2105  3084
Pr1013 21970  3191  2407  2170  2481  2174  1807  1777  1749  1371  1814
Pr1013 21980  2179  1715  1808  2120  2138  1895  1545  2075  1546  1859
Pr1013 21990  2018  1490  1680  1869  2058  2528  1955  1835  1858  2158
Pr1013 22000  1396  1745  1809  1523  1804  1455  1682  2032  2064  2855
Pr1013 22010  2032  1650 -9999
Pr1014 31970  2222  1970  2429  3133  3418  3641  4313  3404  1887  3258
Pr1014 31980  3462  1819  2921  2354  4903  5371  5642  4804  3176  3244
Pr1014 31990  3701  2946  2999  3713  2791  3429  2156  2156  1965  2230
Pr1014 32000  2355  2380  2345  2028  1647  1772  2118  2095  2603  2790
Pr1014 32010  2629  2246 -9999
Pr1015 31906   729   317   223   185
Pr1015 31910   512   507   602   539   810   547   667   492   674   568
Pr1015 31920  1224  1666  1724  1490  1496  1762  1913  2290  2479  2315
Pr1015 31930  2102  1712  2238  2929   503  1429  1068  1097  1548   953
Pr1015 31940  1089   488  1111   744   517   864  1160  1119   644   757
Pr1015 31950   556   879   705   882  1007  1034   653   477   508  1018
Pr1015 31960   810  1023   712   396   521  1061  1254   901  1177  1542
Pr1015 31970  1339   773  1039  1794  1252  1056   876  1175  1069  1839
Pr1015 31980  1587  1205  1137  1289  2360  1938  2160  1761  1320  1400
Pr1015 31990  2052  1741  2190  2063  1872  1453  1555  1393  1111  1997
Pr1015 32000  1412  2324  2295  1650  1616  1301  1410  1784  1839  1868
Pr1015 32010  1609  1011 -9999
Pr1016 51819  3058
Pr1016 51820  2266  1678  1453  1771  1521  1492  1864  2323  2578  2436
Pr1016 51830  2307  1500  1233  1878  1512  1524  1850  1663  1880  1241
Pr1016 51840  1801  1336  2116  1908  1257  1073  1641   505  1043  1004
Pr1016 51850  1540  2266  2680  2617  3058  1890  1823  2630  2155  2061
Pr1016 51860  1871  2791  3537  4107  2118  2944  4094  2476  1238  2022
Pr1016 51870  1988   884   759  1014  1046   920   761  1015  1205  1617
Pr1016 51880  1839  1363  1683  1968  2064  2032  1841  2000  1204  1492
Pr1016 51890  1492  1777  1777  1745  2095  1238  1524  1365  1016  1238
Pr1016 51900  1175  1333  1174  1365   921  1302  1524  1079  1490  1046
Pr1016 51910   888  1002   880  1418  1040  1538  1317  1725  1850  1568
Pr1016 51920  1226   912   881   722  1099  1256  1193  1384  1229  1204
Pr1016 51930  1365  1333  1206  1488  1045  1076   824   793   761   887
Pr1016 51940  1014   951  1173   730   729   824  1014  1045   980  1043
Pr1016 51950   950   856  1077  1110   952   825   730   698   570   570
Pr1016 51960   599   506   284   315   474   665   475   411   348   379
Pr1016 51970   409   440   474   443   538   380   602   539   730   762
Pr1016 51980  1047   920   921   698   970  1000  1141  1078   857   889
Pr1016 51990   794   778  1107   761   363   571   349   413   381   444
Pr1016 52000   414   380   272   396   317   254   317   318   316   398
Pr1016 52010   286   285 -9999
Pr1017 41885  2152  2943  1720  1539  2668
Pr1017 41890  2281  1891  2233  2137  1824  1325  2500  2573  2410  1675
Pr1017 41900  1237  1792  1733  2011  2114  1946  2222  1494  1706  1029
Pr1017 41910  2003  1917  1766  2315  1554  2048  1235  1327  1358  1020
Pr1017 41920   943  1339  1607  2155  2504  2513  2185  2064  1791  1963
Pr1017 41930  1788  1558  1209  1562  1169  1071   895   928   874   876
Pr1017 41940   965   854  1201  1588  1358  1587  1607  1430   790  1038
Pr1017 41950   792   974  1218  1144  1310  1172   832   826   798   373
Pr1017 41960   562   687   406   344   706  1274  1310   743   715  1029
Pr1017 41970  1040   787   818   851   819   880  1198  1261  1261  1583
Pr1017 41980  1619  1492  1365  1048  1683  1778  2063  1650  1237  1047
Pr1017 41990  1175  1302  1492  1357  1501  1518  1272   774   872   998
Pr1017 42000   811  1015  1081   786   535   409   629   879   971  1032
Pr1017 42010   659   537 -9999
Pr1018 31881   221   824   888   572   495   793   365   334   774
Pr1018 31890   565   534   188   253   474   314   286   318   507   517
Pr1018 31900   466   841   940   801   778  1002  1286   914   882   849
Pr1018 31910  1225   977  1137  1003  1222  1385  1264  1014  1046   602
Pr1018 31920   792   982  1206  1333  1365  1079  1066   682   790  1079
Pr1018 31930   889   765   969  1376   825  1110   825   667   635   571
Pr1018 31940   667   444   413   317   221   287   442   475   190   475
Pr1018 31950   380   475   476   571   508   571   540   413   791   877
Pr1018 31960   742   958   652   669  1280  1619  1709   978  1134  1762
Pr1018 31970  1890  1958  1589  1351  2119  2107  2008  2494  2283  3206
Pr1018 31980  4891  4327  2277  1991  3544  3510  3832  3013  2210  1646
Pr1018 31990  2306  1869  1859  2123  2762  2000  1681  1421  1180  1582
Pr1018 32000  1426  1675  1428  1149   840   722   974  1613  1803  1492
Pr1018 32010  1587  1428 -9999
Pr1019 31880  1648   966  1213  1704  1346  1096  1312   965  1311  1391
Pr1019 31890   930   915  1004   859  1092   680  1606  1416  1976  1617
Pr1019 31900  1535   382   298   264   176   384   267   238   325   207
Pr1019 31910   440   722   923  1012   630   666   605   610   859   491
Pr1019 31920   675   941  1314  1155  1453  1480   909   912   852  1348
Pr1019 31930  1095  1134  1086  1158   619   650   372   588   718   904
Pr1019 31940   841   995  1127   813   749   997  1058   858  1075   983
Pr1019 31950   860   983  1081  1262  1108  1041  1286  1224  1173  1893
Pr1019 31960  1463  1691  1265   960  1352  1896  2175  1563  1490  2083
Pr1019 31970  2159  1899  2759  2655  2096  1654  1166  1355  1360  1582
Pr1019 31980  1552  1426   881  1040  2196  2643  2078  1355  1471  1473
Pr1019 31990  1751  1871  1686  1917  1743  1681  1142   980   943   737
Pr1019 32000  1110   844  1437  1219  1092   747   839  1183   990  1512
Pr1019 32010  1301  1121 -9999
Pr1020 31890   629   658   533   251   536   430   527   511   593   728
Pr1020 31900   891   819   653   514   449   656   777   303   467   430
Pr1020 31910   757   412   563   923   572   619   614  1036  1420   784
Pr1020 31920   968   884   893  1093  1301  1266  1246  1419  1173  1226
Pr1020 31930   954   856   954  1069   719  1262   784   818   818   813
Pr1020 31940   746   685   742   450   454   603   968   759   882  1093
Pr1020 31950   827  1142  1801   874   805   980  1805  2028  2319  1861
Pr1020 31960  1207  1231  1100   859  1445  1378  1717  1254  1650  1473
Pr1020 31970  1809  2518  1717  2969  2411  1708  2364  2714  2050  1211
Pr1020 31980  1443  1534  1702  1673  1715  2412  2453  2515  1649  1943
Pr1020 31990  1526  1747  1653  1681  1443  1125  1117  1470  1394  1616
Pr1020 32000  1138  1365  1587  1302  1016   921  1047  1079  1364  1761
Pr1020 32010  1315  1489 -9999
Pr1021 41815  2761  2576  2098  1536  2188
Pr1021 41820  1189  1343  1303   963   829   754   986  1260  1769  1289
Pr1021 41830  1453   909   877  1345   976   850   977   973   718   531
Pr1021 41840   282   314   251   915   535   378   220   409   377   205
Pr1021 41850   393   566   531   502   564   330   204   282   375  1031
Pr1021 41860   811   754  1171  1390   861  1849  2229  1595   944  1897
Pr1021 41870  2249  1284  1648  1489  1196   831   445  1120   802   869
Pr1021 41880   816   532   777   863   611   701   470   566   530  1145
Pr1021 41890   913   643   917   954   833   479   780   511   479   599
Pr1021 41900   779   630   517   605   670   682   722   564   854   379
Pr1021 41910   758   569  1062  1189  1206  1488  1329  1395  1760  1063
Pr1021 41920  1045  1174  1016   888  1046  1202  1511  1290  1165  1070
Pr1021 41930  1163   815  1031   967   560   596   423   457   473   473
Pr1021 41940   536   505   474   789   757   885   981   761   507   413
Pr1021 41950   397   460   571   635   727   538   762   603   825   762
Pr1021 41960   697   697   507   413   540   857   699   476   318   508
Pr1021 41970   476   857   508   507   666   508   508   583   425   378
Pr1021 41980   505   662   474   315   645   554   698   667   444   476
Pr1021 41990   666   317   539   349   411   253   285   349   286   348
Pr1021 42000   412   476   317   349   365   174   222   254   413   523
Pr1021 42010   317   349 -9999
Pr1022 21929  1413
Pr1022 21930  1883  1218  1510  1461  1729   654   811  1287  1161   563
Pr1022 21940   657   962   573   834   685   524   649   730   710   486
Pr1022 21950   797  1700  1501  1225  1218  1043   661   815   784   697
Pr1022 21960   639  1309   639   543   876   968   452   511   838  1075
Pr1022 21970  1222   819   813   697   944   731   610   706   422  1057
Pr1022 21980  1116  1017   806   751  1109   938   936   953   647   772
Pr1022 21990   860   677   797   610   838   773   846   684   500   786
Pr1022 22000   601   600   759   663   631   535   846   751   714  1059
Pr1022 22010  1098  1076 -9999
Pr1023 11937   634   603   825
Pr1023 11940   603   540   496   515   471   414   334   361   221   333
Pr1023 11950   361   711  1393  1175  1124   860   512   695   563   467
Pr1023 11960   518   884   677   753  1094   896   447   210   361   664
Pr1023 11970   816   693   662   602   610   521   588   432   496  1180
Pr1023 11980   901   806   404   373   557   652   747   627   440   659
Pr1023 11990   598   376   534   503   599   379   284   237   237   443
Pr1023 12000   537   694   724   819   820   757   789   885   947  1044
Pr1023 12010   887  1043 -9999
Pr1025 41822  1999   983  1519  1320  1383  2449  2422  2009
Pr1025 41830  2309  1419  1271  2943  1497  1811  2159  2252  1710  1631
Pr1025 41840  1911  1007  2765  1621  1470  1384  1339   324   595   733
Pr1025 41850  1694  1967  1982  1815  1478  1840  2761  2537  1864  2891
Pr1025 41860  1942  2589  2195  2339  1437  2047  2508  1388  1066  1608
Pr1025 41870  1608  1213  1274   873  1057   900   713  1018  1445  1313
Pr1025 41880  1319  1013  1409  1422  1023  1461  1480  1040   680  1185
Pr1025 41890  1135   820  1227  1571  1411   798  1257   899  1053  1184
Pr1025 41900  1328  1329  1329  1234  1046  1045  1044   538   665   634
Pr1025 41910   657   706   924   929   652   915   823  1108  1393   730
Pr1025 41920   983  1016   921   730   825   794   984  1206  1270  1078
Pr1025 41930   825   666   666   698   635   650   317   460   570   317
Pr1025 41940   412   567   725   728   569   823   949   951   586   729
Pr1025 41950   459   570   728   855   824   966   680   693   884   692
Pr1025 41960   595   814   469   405   375   533   345   296   220   360
Pr1025 41970   483   455   534   536   504   442   506   596   444   695
Pr1025 41980   761   698   649   427   634   823   824   698   665   601
Pr1025 41990   790   601   632   570   569   537   540   492   492   508
Pr1025 42000   540   540   412   540   444   365   460   619   459   555
Pr1025 42010   381   397 -9999
Pr1026 51822  2905  2732  2444  1924  1592  2567  2969  3169
Pr1026 51830  3317  2178  1223  2484  1970  1991  1932  2368  1366  1269
Pr1026 51840  1604   860  2060  1644  1460  1431  1059   501  1335   936
Pr1026 51850  2122  1983  2059  1635  1664   822   409   347   410   790
Pr1026 51860   792  1268  2060  1788  1443  1775  2318  1650  1095  1443
Pr1026 51870  1616   825  1143  1048   953   825   715   873  1397  1206
Pr1026 51880  1206   889  1096  1031   889  1365  1302  1079   792   698
Pr1026 51890   856   761   921  1016  1238   983  1428  1047   952  1238
Pr1026 51900  1553   952  1111  1143  1111  1143   952   730  1016   556
Pr1026 51910   746   889   921  1016   857  1111   920   889  1096  1015
Pr1026 51920  1063  1127   936   967   904   952  1079  1172  1190  1095
Pr1026 51930  1016   952  1013  1029   539   650   411   760   535   599
Pr1026 51940   792   474   681   522   538   603   920   984   793   808
Pr1026 51950   457   789  1141  1078  1124   936   777   745   666   539
Pr1026 51960   730   889   444   364   555   603  1143   667   603   698
Pr1026 51970   666   824   665   729   412   570   792   825   760   793
Pr1026 51980   730   698   556   555   746   904   825   762   540   794
Pr1026 51990   855   635   824   696   665   633   603   539   601   729
Pr1026 52000   729   665   666   696   633   411   585   744   681   807
Pr1026 52010   553   428 -9999
Pr1028 51825  1838  1507  1697  1642  1075
Pr1028 51830  1350   910   525   997  1413   757   667   567   435   380
Pr1028 51840   623   589   724  1161  1264  1388  1418  1292  3231  3115
Pr1028 51850  2752  3001  3073  2901  3499  1004   784   939  1051  2214
Pr1028 51860  1668  2281  3658  3462  2449  2636  3158  3009  2214  2041
Pr1028 51870  3097  2996  2737  2348  2581  1943  1761  2076  2234  1630
Pr1028 51880  1741  2186  1585  2559  2228  2136  2220  2632  1762  1773
Pr1028 51890  1826  2440  2389  1974  2150  1320  1919  1861  1802  1544
Pr1028 51900  1860  2234  1879  2097  1483  2113  2014  1514  1586   961
Pr1028 51910  1042  1170  1111  1397  1078  1458  1428  1204  1549   885
Pr1028 51920   853   883   914   977  1167  1489  1397  1395  1363  1395
Pr1028 51930  1426  1205   825   888   729   602   665   506   443   316
Pr1028 51940   347   474   537   316   253   443   981   824   412   348
Pr1028 51950   253   316   317   316   506   538   427   332   349   254
Pr1028 51960   316   301   221   206   253   379   315   252   237   298
Pr1028 51970   409   568   519   615   647   660   744   885   821   913
Pr1028 51980  1332  1236   919   888  1317  1786  1646  1650  1332  1124
Pr1028 51990  1092  1044  1000  1316  1188  1346   713   983   904  1000
Pr1028 52000   920   967  1281  1315  1030   902  1188  1172  1376  1375
Pr1028 52010  1201   760 -9999
Pr1029 21953   787   608   525   435   517   866  1154
Pr1029 21960   994  1264   519   251   408   701   768   741  1083  1422
Pr1029 21970  1298  1441  1417  2025  1909  1709  2160  1362   854  1368
Pr1029 21980  1957  1679  1495  2079  2442  2946  3241  2080  1717  1591
Pr1029 21990  1622  1836  1769  1872  1535  1034   597   875   916   966
Pr1029 22000  1241  1606  1912  1218  1740  1185  1058  1200  1203  1639
Pr1029 22010  1413   892 -9999
Pr1030 21882  1241  1190  1121  1090  1152  1178   962  1278
Pr1030 21890  1212  1190  1056  1149  1258   871  1107  1100  1101   734
Pr1030 21900   647   648   677   588   563   642   799   696   576   515
Pr1030 21910  1029  1143   847  1211  1089  1356  1295  1376   984  1269
Pr1030 21920   869   839   664   634   942  1269   786   847  1120  1085
Pr1030 21930  1027   901  1731  1235   425   642   489   641  1044  1257
Pr1030 21940   821   756  1082   694   757   946  1269  1421  1203  1062
Pr1030 21950   906   941  1292  1863  1803  1740  1046  1460  1711   951
Pr1030 21960   696   757   410   474   537   726  1074   980  1107   760
Pr1030 21970  1196  1468  1174  1114   740   852  1058  1084   909  1373
Pr1030 21980  1535  1344  1061   934   984   998  1030  1015   572   730
Pr1030 21990  1397  1045  1331  1142  1111  1015   666   634   761   666
Pr1030 22000   634   524   618   539   348   379   442   506   569   629
Pr1030 22010   504   376 -9999
Pr1034 21883  2448  1995  2106  2083  1328  1450  2015
Pr1034 21890  1460   960  1630  1012  1225   934  1110  1086  1240  1181
Pr1034 21900  1233  1251  1151  1279   966   738  1063   721   600   451
Pr1034 21910   754   482   482   508   498   849  1081   904   861   774
Pr1034 21920   538   395   824   700  1462  1285  1179  1532  1066   817
Pr1034 21930   879   692   472   566   471   691   282   250   440   313
Pr1034 21940   437   406   375   407   375   311   498   519   341   491
Pr1034 21950   330   449   390   423   516   393   395   397   432   401
Pr1034 21960   371   434   341   216   278   309   278   215   277   215
Pr1034 21970   491   490   430   523   643   430   431   431   400   553
Pr1034 21980   553   584   394   454   848  1005  1070   764   491   522
Pr1034 21990   737   578   479   660   506   561   328   346   312   390
Pr1034 22000   448   327   595   417   391   266   296   413   450   504
Pr1034 22010   272   386 -9999
Pr1037 21870   936  1191  1809  2328  1935  1603  1195  1448  1756  1782
Pr1037 21880  1768   978   980  1093   679   569   804   515   501   629
Pr1037 21890   516   481   763   589   583   463   685   626   629   566
Pr1037 21900   725   633   630   473   410   443   380   253   158   158
Pr1037 21910   317   317   284   412   444   730   917   915  1164   692
Pr1037 21920   755  1372  1473  1701  1888  1831  1539  1288  1170  1260
Pr1037 21930  1320  1226  1382  1350   847   909   408   690   756   315
Pr1037 21940   854   886   823   727   475   412   444   693   693   441
Pr1037 21950   378   379   537   505   599   694   761   666   538   506
Pr1037 21960   411   316   254   143   206   175   175   127   159    95
Pr1037 21970   317   286   286   349   635   539   380   586   554   697
Pr1037 21980  1014  1045   792   666  1142  1015   889   889   444   412
Pr1037 21990   508   507  1302  1645  2374  1890  1361   855   634   793
Pr1037 22000   853   633  1043   569   380   316   411   568   632   537
Pr1037 22010   505   503 -9999
Pr1039 21916   962   463   411   263
Pr1039 21920   206   196   330   376   486   602   438   386   549   533
Pr1039 21930   407   408   596   690   347   601   443   474   791   664
Pr1039 21940   666   412   696   474   570   856   920  1016   762  1206
Pr1039 21950   825   825  1175  1365  1301  1111   857   824  1048  1365
Pr1039 21960  1428  2123  1269  1111  2191  1683   952   887  1139  1958
Pr1039 21970  1796  1764  1552  1611  1637  1160  1524  2444  2953  2667
Pr1039 21980  1594  1737  1193  1382  2155  2529  2174  1373  1591  2122
Pr1039 21990  2331  2175  3273  3322  2793  1873  1683  1460  1682  2221
Pr1039 22000  1427  1101  1635   941  1333   475  1011   664   950  1457
Pr1039 22010  1235  1392 -9999
Pr1033 21883  1174  1300  1105  1223  1025  1104  1618
Pr1033 21890  1074   536  1298   665   771   407   501   720   754   627
Pr1033 21900   533   408   722   283   378   221   253   127   238   143
Pr1033 21910   444   476   635   413   413   698   349  1743  2087   759
Pr1033 21920   569   603   952  1490  1711  1742  1266  1294  1325  1507
Pr1033 21930  1294  1233  1232  1860  1294  1265   757   664   855   855
Pr1033 21940  1079  1365  1143   698   603   793   857   889   525   713
Pr1033 21950   539   508   508   920   857   952   794   603   667   539
Pr1033 21960   444   508   254   254   444   413   254   222   349   413
Pr1033 21970   603   571   571   888   825   571   730   698   603   984
Pr1033 21980   951  1043   727   759  1173   951   951   698   570   792
Pr1033 21990   919   729  1078  1173  1299  1108   823   950   729   949
Pr1033 22000   882   758  1012   823   665   412   665   665   888   793
Pr1033 22010   476   508 -9999
