Pr1311 41816  3489  2779  3238  2848
Pr1311 41820  3371  2308  2907  2825  2010  2985  1882  2586  2832  2093
Pr1311 41830  1725  1196   982  1321  1711  1460  1334   950  1174  1140
Pr1311 41840   790   983  1296  1298  1204  1397  1270  1331  1043   916
Pr1311 41850  1200  1125  1063  1109  1872  1776  1648   887  1143  1473
Pr1311 41860   804   947  1317  1884  1109   903   714  1111   698   981
Pr1311 41870  1324  1138  1298  1198   661   822   950  1072   853  1105
Pr1311 41880   788   725   568   441   504   568   349   507   411   380
Pr1311 41890   569   348   537   506   507   601   475   570   507   471
Pr1311 41900   315   444   318   396   428   444   381   366   460   286
Pr1311 41910   254   476   286   444   412   571   540   381   413   317
Pr1311 41920   317   413   286   444   508   571   635   412   507   588
Pr1311 41930   333   603   507   603   349   159   127   127    79    95
Pr1311 41940    95   111   111   143   158   238   237   380   190   238
Pr1311 41950   206   252   317   347   316   315   409   472   505   444
Pr1311 41960   475   380   443   506   475   698   508   540   603   601
Pr1311 41970   379   536   378   441   503   376   404   404   436   250
Pr1311 41980   373   404   373   435   654   533   564   441   347   300
Pr1311 41990   285   301   365   555   508   412   440   483   418   795
Pr1311 42000   950   675   706   768   494   627   472   664   506   822
Pr1311 42010   711   522 -9999
Pr1312 31820  2429  1748  2489  2691  1729  2535  1797  2032  2429  1805
Pr1312 31830  1435  1250  1270  1387  1248  1351  1489  1176  1134  1143
Pr1312 31840  1146   934  1328  1456  1573  1523  1209   924   953   793
Pr1312 31850   939   913   736   688   842   842   784   438   659   816
Pr1312 31860   565   722   813  1024   843   590   540   769   438   625
Pr1312 31870   718   625   750   565   595   658   690   879   784   913
Pr1312 31880   628   599   536   473   536   753   595   580   639   717
Pr1312 31890   873   842   948   819   851   975   787   913   984  1048
Pr1312 31900   982   698   603   413   761  1014   823   697   825   540
Pr1312 31910   381   793   793   887   792  1172  1046   821  1041   569
Pr1312 31920   665   919   760   760   983   920  1015  1033   967   603
Pr1312 31930   857  1046  1140   885   600   759   332   584   632   694
Pr1312 31940   413   443   473   475   602   665   760   698   667   571
Pr1312 31950   444   698   922   664   666   726   693   819   980   983
Pr1312 31960   699   506   571   603   920  1079   507   793   730   952
Pr1312 31970   539   666   571   698   716   458   539   347   633   475
Pr1312 31980   477   379   441   657   534   441   473   444   313   332
Pr1312 31990   363   251   350   440   380   285   351   317   254   474
Pr1312 32000   510   539   619   586   459   474   348   426   333   395
Pr1312 32010   428   395 -9999
Pr1313 41835  1938  1976  1584  1186   821
Pr1313 41840  1204   976  1246  1429  1709   855   741   594   859   521
Pr1313 41850   601   926  1012  1268  1538  1559  1422  1173  1298  1325
Pr1313 41860   883  1057  1037  1153   708   733   658  1048   564   653
Pr1313 41870   912   880   984   863   593   591   774  1020   784   784
Pr1313 41880   874  1080   829   710   827   858   834  1036   692  1090
Pr1313 41890  1351  1243  1435  1597  1220  1157  1007  1165  1075  1170
Pr1313 41900  1167  1006   628   596   626   843   686   748   902   652
Pr1313 41910   591  1293  1221  1621  1400  1308  1310   813  1030   811
Pr1313 41920   846  1095  1190   847   691   911   909   975   769   614
Pr1313 41930  1197  1154  2082  1623   558   719   374  1001   786   585
Pr1313 41940   466   495   617   522   915  1193   951  1026  1045  1015
Pr1313 41950   747  1125  1841  1822  2029  1963  1388  1618  1805  1803
Pr1313 41960  1205   920   794   762   730   822   663   982   855   913
Pr1313 41970   666   916   835   742   824   634   507   602   952   698
Pr1313 41980   825   857   794   857  1206  1395  1329   952   666   539
Pr1313 41990   602   603   730  1237   984   667   921   825  1048  1778
Pr1313 42000  1730  1443  1794  1221   730  1174   635   793   794  1048
Pr1313 42010  1206  1048 -9999
Pr1314 31818  3045  3398
Pr1314 31820  2611  1171  2071  2480  1858  2525  1670  1986  3251  1643
Pr1314 31830  1659  1110  1411  1338  1596  1524  1732  1084  1974  1202
Pr1314 31840  1375  1157  1281   896   988   994   845   972  1257   803
Pr1314 31850  1006  1341  1192  1251  1856  1385  1423   781  1027  1211
Pr1314 31860   820   790  1267  1467  1093   875   743   779   628   896
Pr1314 31870  1333   780   960   902   600   475   353   670   547   826
Pr1314 31880   564   532   312   207   172   471   378   630   440   313
Pr1314 31890   789   498   905   598   594   753   721   690   597   409
Pr1314 31900   409   377   425   482   527   810   674   455   529   268
Pr1314 31910   170   494   421   485   248   566   501   313   565   409
Pr1314 31920   441   504   379   443   538   570   695   570   602   317
Pr1314 31930   557   394   601   380   319   332   127   206   333   428
Pr1314 31940   191   301   286   270   410   620   551   538   539   510
Pr1314 31950   523   585   920   824   571   539   476   412   633   791
Pr1314 31960   728   476   444   381   634  1046   792   793   761   665
Pr1314 31970   412   539   476   476   667   381   317   413   635   381
Pr1314 31980   476   540   413   381   381   635   571   603   412   415
Pr1314 31990   317   444   317   539   397   365   409   430   221   517
Pr1314 32000   379   526   425   415   190   238   127   428   332 -9999
Pr1315 41812  1733  1702  2099  2324  2873  2364  3381  3508
Pr1315 41820  2603  1523  2217  2092  1601  1948  2030  1746  1936  1174
Pr1315 41830  1555  1110   760   882  1477  1007  1450  1011  1296   919
Pr1315 41840   920   634   889  1079  1012  1235  1045  1266  1068   821
Pr1315 41850   885  1015   666   633   855   602   730   570   697  1012
Pr1315 41860   601   538   476   793   539   539   444   762   444   793
Pr1315 41870  1046   493   586   635   508   698   666   634   539   794
Pr1315 41880   667   666   474   365   394   537   474   599   411   301
Pr1315 41890   205   667   666   921   761   824   983   920  1111   983
Pr1315 41900   889   666   476   476   413   476   681   620   539   603
Pr1315 41910   571   540   444   508   444   761   696   476   566   473
Pr1315 41920   441   631   442   473   725   726   917   884   632   695
Pr1315 41930   758   949  1323   983   631   570   303   492   441   508
Pr1315 41940   398   427   540   571   794  1016   984   984  1014   855
Pr1315 41950   727   913  1100   725   601   665   698   508   794   889
Pr1315 41960   857   571   698   588   679   919   444   571   698   730
Pr1315 41970   510   696   831   743   730   476   508   698   730   381
Pr1315 41980   540   510   600   539   761   888   761   539   476   494
Pr1315 41990   571   729   825  1061   889   605   791   558   492   950
Pr1315 42000  1238   790  1094   880   612   582   360   745   489   602
Pr1315 42010   600   459 -9999
Pr1316 31821  1810  4179  3574  2018  3526  2578  3396  2968  1570
Pr1316 31830  2105  1673  1169   990  1079  1007  1421   860  1182   875
Pr1316 31840   881   658   991   735   882  1103   978   895   831   492
Pr1316 31850   664  1049   715   577   794   646   647   523   619   776
Pr1316 31860   358   590   652   806   431   515   486   785   436   461
Pr1316 31870   522   496   534   506   412   476   521   381   323   587
Pr1316 31880   520   462   405   500   441   636   696   656   520   623
Pr1316 31890   949   771   948  1080   860  1232  1000  1300  1246   928
Pr1316 31900   634   632   545   451   568   743   619   593   536   329
Pr1316 31910   239   538   358   447   332   636   608   366   555   278
Pr1316 31920   399   521   430   863   955   703   582   337   368   214
Pr1316 31930   337   369  1144   926   587   803   432   509   631   680
Pr1316 31940   369   485   667   922  1910  1575   834   742   681   652
Pr1316 31950   437   684  1110  1219   720   626   626   658  1222  1627
Pr1316 31960   806   403   592   593  1200  1263   619   988   942  1139
Pr1316 31970   523   773   585   706   790   323   400   523   923   525
Pr1316 31980   465   722   658   874  1184  2018  1862  1613   679   654
Pr1316 31990   592   437   405   869   679   616   841   560   295   823
Pr1316 32000   778   611   847   600   421   808   483  1066   766   493
Pr1316 32010   686   436 -9999
Pr1317 31815  4965  4480  3902  3857  3989
Pr1317 31820  3523  2395  3491  3677  1960  2817  2115  2274  2219  1868
Pr1317 31830  1526  1629   980  1459  1832  1087  1129   826   868   770
Pr1317 31840   652   774  1141  1003   872   813   945   817   600   425
Pr1317 31850   567   866   566   599   786   723   692   378   410   441
Pr1317 31860   345   377   251   531   342   436   279   312   293   294
Pr1317 31870   462   369   262   263   413   373   485   582   504   675
Pr1317 31880   644   563   389   389   326   469   485   470   361   407
Pr1317 31890   501   485   644   725   742  1053   910   908   965   740
Pr1317 31900   547   666   637   416   612   643   399   397   521   336
Pr1317 31910   305   488   350   401   183   400   336   332   422   378
Pr1317 31920   334   376   259   364   455   504   517   927   772   463
Pr1317 31930   402   365   545   348   225   200   107   169   228   261
Pr1317 31940   245   183   213   259   261   247   354   340   276   338
Pr1317 31950   402   775   743   617   508   495   340   477   582   480
Pr1317 31960   344   328   267   266   204   298   281   250   283   234
Pr1317 31970   127   389   265   218   264   248   139   296   450   171
Pr1317 31980   186   188   219   234   328   300   237   174   142   237
Pr1317 31990   301   269   315   396   381   206   332   317   174   301
Pr1317 32000   349   301   286   238   254   349   190   302   333   397
Pr1317 32010   349   317 -9999
Pr1318 31812  2790  3044  3053  2916  2701  2620  2868  2782
Pr1318 31820  1741  1340  2081  1518  1192  1727   884  1326  1424   918
Pr1318 31830  1045   888   730   634   602   635   854   569   601   379
Pr1318 31840   442   348   443   569   664   821   632   631   631   472
Pr1318 31850   568   631   536   378   536   442   727   347   409   533
Pr1318 31860   343   376   406   594   435   496   403   958   429   431
Pr1318 31870   615   491   582   614   524   524   524   591   555   801
Pr1318 31880   649   555   373   373   373   531   342   343   281   377
Pr1318 31890   469   470   597   471   439   628   503   850   883   757
Pr1318 31900   883   662   536   410   631   789   505   348   569   222
Pr1318 31910   190   348   284   237   158   284   348   253   380   349
Pr1318 31920   238   412   206   285   364   474   666   635   698   539
Pr1318 31930   729   634   825   888   475   442   142   237   316   349
Pr1318 31940   254   270   174   254   444   476   540   476   413   476
Pr1318 31950   444   730   889   762   635   539   666   695  1132  1377
Pr1318 31960  1156   967  1470  1254  1009  1798  1009   978   815   847
Pr1318 31970   565   565   409   469   504   422   425   548   734   439
Pr1318 31980   437   439   418   576   624   875   603   436   265   250
Pr1318 31990   311   433   545   856   640   357   439   376   281   626
Pr1318 32000   657   455   435   375   283   360   157   472   565   517
Pr1318 32010   551   346 -9999
Pr1319 31816  3330  2711  2707  2607
Pr1319 31820  1980   928  1431  1715  1373  2031  1421  1257  1280   590
Pr1319 31830  1258  1124   931   943  1049   930  1168   691   808   620
Pr1319 31840   508   505   708   968   907   853   650   831   805   600
Pr1319 31850   690   780   630   455   666   665   784   483   599   689
Pr1319 31860   360   477   511   907   635   484   576  1009   459   395
Pr1319 31870   514   515   816   760   547   516   547   883   640   792
Pr1319 31880   574   302   304   427   337   369   307   403   371   401
Pr1319 31890   441  1060   812  1147   796   861   461   645   774   558
Pr1319 31900   558   685   562   532   785   782   563   548   574   281
Pr1319 31910   312   439   408   566   406   594   406   346   495   268
Pr1319 31920   232   346   315   315   409   472   789   823   760   443
Pr1319 31930   600   473   784   969   839   805   444   475   613   584
Pr1319 31940   490   461   370   338   582   610   643   800   744   464
Pr1319 31950   493   802  1050  1018   802   710   617   589   842   748
Pr1319 31960   873   654   718   750  1031  1190   564   566   660   939
Pr1319 31970   438   565   472   502   818   599   506   443   601   285
Pr1319 31980   317   317   369   330   381   507   444   285   240   284
Pr1319 31990   268   310   286   374   409   377   439   313   332   481
Pr1319 32000   560   315   344   327   263   357   229   465   403   372
Pr1319 32010   466   404 -9999
Pr1320 31820  2665  3662  3779  1925  2877  2678  1990  2142  1702  1410
Pr1320 31830  1452  1007  2591  1074  1135  1100  1045  1077  1601   892
Pr1320 31840   769   827  1052  1160  1311  1196  1101  1100  1068   783
Pr1320 31850   842   688   612   546   781   724   950   476   633   760
Pr1320 31860   570   429   618   918   634   727   583   899   474   600
Pr1320 31870   694   412   570   633   539   507   539   761   507   729
Pr1320 31880   412   348   285   317   222   348   412   444   317   380
Pr1320 31890   570   410   755   567   600   568   507   666   667   540
Pr1320 31900   540   413   508   381   380   539   476   429   523   223
Pr1320 31910   221   381   255   317   222   381   286   238   317   238
Pr1320 31920   222   318   158   175   348   396   475   396   299   222
Pr1320 31930   348   348   348   283   156   187   126    94   220   170
Pr1320 31940   139   189   189   157   188   220   250   315   188   347
Pr1320 31950   253   285   539   476   333   396   603   444   667   715
Pr1320 31960   524   412   571   428   413   714   366   428   540   571
Pr1320 31970   366   555   444   556   524   333   333   444   571   286
Pr1320 31980   444   444   444   477   571   571   508   350   190   222
Pr1320 31990   253   254   254   317   381   223   317   349   191   349
Pr1320 32000   349   255   285   317   238   174   143   333   191   158
Pr1320 32010   285   191 -9999
Pr1321 31820  3450  1580  2539  2492  1505  1877  1139  1628  1924  1681
Pr1321 31830  1110  1349   971  1405  1956  1669  1729  1184  1128   977
Pr1321 31840   726   694   957   988  1142  1319  1137  1139   931   777
Pr1321 31850   862   679   683   679   829   796   763   519   581   857
Pr1321 31860   521   494   636   789   527   713   683  1116   465   587
Pr1321 31870   620   650   742   714   405   498   436   778   749   602
Pr1321 31880   638   679   524   552   498   778   773   712   683   996
Pr1321 31890   933   873  1068   848   691   818   851   884   911   911
Pr1321 31900  1166  1105   727   569   919  1015   729   380   619   491
Pr1321 31910   348   412   348   475   380   600   379   284   507   411
Pr1321 31920   316   411   221   348   380   475   603   540   635   603
Pr1321 31930   825   540   889   635   508   667   334   524   825   667
Pr1321 31940   492   492   571   445   730   698   666   761   603   381
Pr1321 31950   476   682   841   476   413   508   603   571   682   714
Pr1321 31960   524   397   428   333   349   492   365   619   587   730
Pr1321 31970   666  1046   634   919   856   698   413   603  1111   603
Pr1321 31980  1079   730   873   651   855   982   855   505   378   284
Pr1321 31990   314   379   523   508   396   269   349   300   285   476
Pr1321 32000   476   365   333   238   222   301   159   349   333   364
Pr1321 32010   443   331 -9999
Pr1322 41808  2158  1588
Pr1322 41810  1300  1714  2092  2603  2337  2062  2396  2130  2641  3109
Pr1322 41820  2826  1778  1835  1853  1147  2124  1237  1749  1382  1098
Pr1322 41830  1008   881   610   521   678   900  1208   803   946   965
Pr1322 41840  1021   843  1300  1151  1048  1063   914   821   663   505
Pr1322 41850   791   793   667   698   809   681   886   475   443   728
Pr1322 41860   474   631   820   884   536   536   536   758   475   380
Pr1322 41870   507   540   571   476   349   317   317   444   508   794
Pr1322 41880   793   634   507   569   568   848   595   625   581   832
Pr1322 41890   845   753  1266  1018   845   816   786  1161  1132  1192
Pr1322 41900   815   629   719   378   504   756   568   393   552   346
Pr1322 41910   299   408   394   380   252   474   379   285   410   285
Pr1322 41920   347   316   284   347   852  1680  1916  1536  1361  1141
Pr1322 41930  1396  1238  1428  1174   540   857   476   635   762   984
Pr1322 41940   794   889  1016   825   952  1111  1016   824   666   667
Pr1322 41950   793  1236  1489  1330  1296  1352  1088  1261  1694  2392
Pr1322 41960  2224  1488  1587  1460  1270  1365   635   825   603   761
Pr1322 41970   539   666   603   603   667   571   539   729   698   413
Pr1322 41980   667   603   666   617   772   723   742   487   661   569
Pr1322 41990   569   523   507   634   460   381   380   317   269   555
Pr1322 42000   476   444   381   412   285   333   158   333   269   268
Pr1322 42010   348   332 -9999
Pr1323 41816  3140  2777  2419  3077
Pr1323 41820  2452  1684  2571  1977  1527  1852  1736  2731  2566  1343
Pr1323 41830  1758  1394  1288  1423  1486  1158   988   966   907   762
Pr1323 41840   914   825  1472  1232  1232  1139  1539  1404  1371  1012
Pr1323 41850   891  1016  1016  1324  1536  1288  1407   922  1020  1026
Pr1323 41860   851  1088   724  1178   907   637   821  1158   675   704
Pr1323 41870   918   841   851   761   580   549   488   859   711  1143
Pr1323 41880   898  1127  1001   754   757   883   757   693   535   690
Pr1323 41890   531   781   781   750   938  1227  1042  1042  1011  1361
Pr1323 41900  1427  1332  1079   730  1015  1269   952   856  1047   666
Pr1323 41910   475   823   823  1076  1142  1206  1333   762  1301  1079
Pr1323 41920   762   921   730   540   762   794   952  1032  1222   984
Pr1323 41930  1302  1460  2507  1840  1269  1364   762  1048   984   952
Pr1323 41940   857   762   793   762   952  1206  1206  1174  1206   984
Pr1323 41950   794   984  1619  1301   984   920   730   825  1047  1397
Pr1323 41960   952   857  1016  1079  1079  1174  1201  1643  1166  1198
Pr1323 41970   824  1171   967  1030  1078   777   619   540   778   619
Pr1323 41980   633   524   603   603   745   964  1042   601   395   444
Pr1323 41990   492   476   523   698   667   540   444   349   333   524
Pr1323 42000   635   476   476   444   333   603   460   397   413   619
Pr1323 42010   508   635 -9999
Pr1324 31815  3202  2776  3275  2918  3136
Pr1324 31820  3673  1699  2815  2641  1906  2509  1547  1855  1825  1733
Pr1324 31830  1626  1561  1048  1170  1616  1214  1307  1089   997   873
Pr1324 31840  1002   757  1416  1162  1218  1030   530   562   561   405
Pr1324 31850   436   529   404   405   482   481   493   309   308   400
Pr1324 31860   339   309   340   618   370   403   434   839   372   341
Pr1324 31870   527   528   465   496   403   280   249   374   374   513
Pr1324 31880   449   310   281   309   248   372   279   278   139   184
Pr1324 31890   291   200   449   465   431   396   366   519   580   609
Pr1324 31900   696   634   514   393   484   514   454   363   362   151
Pr1324 31910   240   360   212   274   215   309   371   310   343   342
Pr1324 31920   342   403   279   248   434   435   654   529   467   528
Pr1324 31930   805   558   859   612   459   523   200   385   429   675
Pr1324 31940   616   554   906   730   746   907   754  1005   848   813
Pr1324 31950   720  1002  1124  1219  1001   813   782  1032  1458  1910
Pr1324 31960  1361   982   983   857  1381  1857  1429  1397   984  1048
Pr1324 31970   571   794   635   603   921   857   794   730  1238   888
Pr1324 31980   983   793   857   697   823   978  1161   881   441   474
Pr1324 31990   441   567   628   785   534   439   609   407   423   815
Pr1324 32000  1003   754   690   596   471   469   299   329   374   344
Pr1324 32010   469   390 -9999
Pr1325 41821  3012  4450  3620  2598  3060  2786  3512  4062  2503
Pr1325 41830  2319  1593  1649  2521  2124  1569  1922  1475  1592  1261
Pr1325 41840  1377  1572  1695  1422  1579  1598  1284  1776   842   838
Pr1325 41850  1251  1333   936  1255  1612  1486  1500   958  1415  1666
Pr1325 41860   955   962  1182  1800  1622  1404   905  1675  1011  1059
Pr1325 41870  1218  1078  1076  1126   721   689   810   985  1014  1634
Pr1325 41880  1443  1351   941   876  1005   819   724   946   631   632
Pr1325 41890   789   694  1164   974   943   980   824   793  1046  1014
Pr1325 41900   824   602   381   444   603   698   635   444   666   507
Pr1325 41910   348   760   603   667   508   635   620   395   443   412
Pr1325 41920   412   412   381   444   507  1044   602   507   539   381
Pr1325 41930   761   666  1236   824   412   508   173   238   380   271
Pr1325 41940   205   317   381   381   444   507   666  1301  1365  1172
Pr1325 41950   825   823   916  1071   880   944   814   688   826   734
Pr1325 41960   594   250   343   312   439   661   630   786   601   759
Pr1325 41970   602   664   474   537   537   443   429   555   792   410
Pr1325 41980   596   627   497   529   654   794   792   408   167   425
Pr1325 41990   381   287   305   336   581   494   462   522   429   263
Pr1325 42000   730   742   532   437   439   222   361   220   347   156
Pr1325 42010   126   157 -9999
Pr1326 31810  1789  2824  2984  2921  2784  2819  2409  1968  2603  2187
Pr1326 31820  2313  1521  2408  2442  1428  1492   952  1427  1489  1551
Pr1326 31830  1298  1076   982  1237  1205   919   793   663   696   539
Pr1326 31840   698   540  1000   873   984  1175  1016   984   857   603
Pr1326 31850   793   729   730   889  1016   793   984   540   730   857
Pr1326 31860   413   444   601   793   603   603   571   857   413   667
Pr1326 31870   825   698   792   728   378   504   567   790   570   855
Pr1326 31880   888   761   505   441   599   756   598   547   454   501
Pr1326 31890   750   560  1054   740   594   915   947  1139   981   887
Pr1326 31900   760   538   475   475   630  1010   882   566   839   428
Pr1326 31910   348   793   794   838   490   826   697   507   793   540
Pr1326 31920   652   586   476   475   366   617   779   776   793   762
Pr1326 31930  1048  1016  1223   935   508   698   349   284   536   459
Pr1326 31940   363   348   506   411   634   698   825   888  1556  1255
Pr1326 31950   840  1365  1962  1324   776   617   537   585   616   633
Pr1326 31960   633   383   444   379   381   587   333   492   603   587
Pr1326 31970   333   429   317   474   539   444   240   524   603   429
Pr1326 31980   301   221   255   286   301   189   174   175   190   159
Pr1326 31990   143   222   207   174   222   286   254   238   413   317
Pr1326 32000   222   238   222   349   349   428   333   317 -9999
Pr1327 41817  3057  2863  3069
Pr1327 41820  2710  1444  1719  1640  1190  1907  1226  1434  1568  1010
Pr1327 41830   855   754   862  1076  1228  1336  1511  1025   918   643
Pr1327 41840   712   678   950  1095   837   805   790   907   908   637
Pr1327 41850   672  1108   987   989  1300  1053  1022   586   954  1290
Pr1327 41860   798   953  1105  1103   713   619   621  1091   622   706
Pr1327 41870   546   525   638   674   430   522   651   744   560   932
Pr1327 41880   934   751   502   534   500   746   778   593   471   557
Pr1327 41890   912   793  1344  1034   881  1291  1104  1074   918   823
Pr1327 41900   665   601   601   413   504   759   650   507   649   426
Pr1327 41910   174   631   301   552   347   897   567   566   615   602
Pr1327 41920   507   727   476   476   444   540   794   880   754   660
Pr1327 41930   817   723  1006   692   504   599   255   376   571   524
Pr1327 41940   444   488   600   600   723   409   465   468   532   622
Pr1327 41950   528   713   806   998  1068  1084  1219   856  1336  1332
Pr1327 41960  1077   634   829   535   446   818   349   671   440   856
Pr1327 41970   428   607   572   628   493   427   472   761   825   379
Pr1327 41980   599   631   694   568   693   754   534   460   326   445
Pr1327 41990   501   506   760  1015   952   698   950   491   489   885
Pr1327 42000   920   825   730   825   571   698   317   635   540   603
Pr1327 42010   635   655 -9999
Pr1328 41827  2063  3411  2307
Pr1328 41830  1740  1238  1184  1445  1996  1857  1887  1172   582   854
Pr1328 41840   909   792   994   930   831  1283  1294   784   724   756
Pr1328 41850   740   876   773   805  1130  1024   956   519   602   756
Pr1328 41860   767  1097  1598  1424  1157  1100  1256  1666   875   759
Pr1328 41870   971   937   874   822   456   851   770   925   679  1261
Pr1328 41880   797  1073   913   606   722  1053  1042   979   553   558
Pr1328 41890   742   894  1257  1040  1129  1539  1331   990  1205  1282
Pr1328 41900  1158   972   748   779   718   905   534   629   754   565
Pr1328 41910   345   844   687  1030   871  1214  1084   496   559   446
Pr1328 41920   512   561   625   531   813  1183  1215   779   499   437
Pr1328 41930   848   769   550   283   299   299   221   252   316   474
Pr1328 41940   285   316   316   316   442   442   379   371   340   371
Pr1328 41950   342   464   742   770   702   523   495   810   719  1168
Pr1328 41960  1287   851  1073  1104  1070  1481   641   702   660   426
Pr1328 41970   331   504   409   595   688   781   720   750   967   616
Pr1328 41980   810   569   580   767   794   792   682   539   344   406
Pr1328 41990   420   617   780  1013  1164  1069  1294   939   567   828
Pr1328 42000   769   676   748   656   336   706   492   716   734   795
Pr1328 42010   625   873 -9999
Pr1329 41823  1744  1140  1675  1153  1930  1970  1867
Pr1329 41830  1281  1416  1126  1990  2008  2077  2534  1615  1347  1148
Pr1329 41840  1267   912  1140  1058  1351  1560  1549  1198   819   542
Pr1329 41850   825  1280  1082  1069  1464   906  1024   634  1034  1142
Pr1329 41860   685   777   866  1200   906   793   864  1225   507   636
Pr1329 41870   926   867   818   790   410   471   532   956   718   861
Pr1329 41880   745   538   568   512   478   533   396   426   304   306
Pr1329 41890   457   364   583   434   500   593   499   561   729   584
Pr1329 41900   432   429   400   274   429   490   369   324   446   247
Pr1329 41910   247   498   486   582   460   583   537   410   661   534
Pr1329 41920   408   566   344   377   531   702   885  1226   441   282
Pr1329 41930   626   750  1631  1227   655   783   316   501   532   782
Pr1329 41940   659  1039  1099   690   905   816   783   812   776   708
Pr1329 41950   744   996  1714  1928  1429  1397  1365   857  1491  1682
Pr1329 41960  1907  1290  1266  1140  1204  1489  1001  1188  1299  1300
Pr1329 41970   602   698   444   587   761   491   490   955  1326   730
Pr1329 41980   728   461   618   533  1321  2089  1741  1047   508   475
Pr1329 41990   587   712  1016  1206   906   363   653   428   301   680
Pr1329 42000   794   462   395   590   413   540   222   556   619   521
Pr1329 42010   667   574 -9999
Pr1330 31809  1931
Pr1330 31810  3504  2987  2528  2610  2520  3263  2799  2932  2240  2538
Pr1330 31820  2014  1174  2063  1908  1473  2237  1346  2688  2497  1308
Pr1330 31830  1244  1275  1369  1632  1823  1223  1850  1128  1099   691
Pr1330 31840   818   787  1133  1100  1162  1385  1324  1169  1171   871
Pr1330 31850  1062  1365  1111  1143  1587  1143  1143   698   794  1174
Pr1330 31860   730   873   936  1683  1286   936   921  1349   556   603
Pr1330 31870   634   920  1172  1250   902  1079  1031  1126   856   952
Pr1330 31880  1027   551   567   505   506   664   539   587   460   444
Pr1330 31890   571   508   602   634   761  1094   903   855   918   791
Pr1330 31900   721   565   565   440   534   550   551   661   806   443
Pr1330 31910   425   838   739   727   633   726   726   567   694   537
Pr1330 31920   441   567   363   268   410   568   631   725   760   570
Pr1330 31930   809   666   650   794   460   571   365   459   710   696
Pr1330 31940   475   633   538   602  1047   871  1124   982   754   692
Pr1330 31950   442   472  1102   727   601   601   570   586   760  1079
Pr1330 31960  1095   762   872   714   794  1285   728  1026  1091   965
Pr1330 31970   475   724   517   815   927   659   595   628   757   476
Pr1330 31980   522   618   792   729   856  1282  1368   727   364   408
Pr1330 31990   423   394   611   707   597   552   857   542   402   709
Pr1330 32000   530   378   282   251   281   234   217   361   410   282
Pr1330 32010   283   219 -9999
Pr1331 31814  3810  4431  3501  3182  3619  3913
Pr1331 31820  2280  1078  2482  2955  1371  1844  1453  2177  2336  1620
Pr1331 31830  1061  1172  1123  1482  1231  1051  1458   854  1304   944
Pr1331 31840   887   830   981  1105  1074   857   826   859   739   590
Pr1331 31850   624  1123   975  1139  1329  1266  1299   649   777   823
Pr1331 31860   729   633   666   824   571   697   665   728   411   443
Pr1331 31870   601   491   491   539   316   346   314   563   436   561
Pr1331 31880   592   560   376   377   283   377   314   442   346   284
Pr1331 31890   347   316   506   380   412   570   539   571   317   349
Pr1331 31900   317   190   238   143   254   317   285   285   412   254
Pr1331 31910   190   412   349   285   222   333   270   190   285   254
Pr1331 31920   222   380   222   317   476   571   666   634   570   539
Pr1331 31930   730   540   920   602   474   662   314   534   505   473
Pr1331 31940   408   439   626   563   845   971   726   882   662   600
Pr1331 31950   597   853  1205   730   539   571   445   475   632   507
Pr1331 31960   459   331   412   269   331   536   315   506   442   474
Pr1331 31970   300   300   315   567   503   363   348   364   602   175
Pr1331 31980   490   540   444   444   476   635   540   397   222   333
Pr1331 31990   254   349   412   666   412   317   428   365   301   586
Pr1331 32000   663   570   570   539   397   682   254   635   508   476
Pr1331 32010   508   508 -9999
Pr1332 31817  3524  3648  3809
Pr1332 31820  3654  2465  2748  2737  1891  2006  1112  1355  1749  1266
Pr1332 31830  1287  1343  1273  1319  1749  1112  1099  1049  1230   890
Pr1332 31840   752   565   778   944  1063  1212   742  1140  1140   819
Pr1332 31850   677   703   728   813   743   850  1024   541   719   779
Pr1332 31860   432   462   440   618   378   436   318   532   177   297
Pr1332 31870   448   275   520   368   318   291   307   365   271   512
Pr1332 31880   332   241   150   274   153   333   212   212   195   282
Pr1332 31890   414   207   472   381   346   525   522   663   864   889
Pr1332 31900   597   643   496   408   553   584   527   265   501   250
Pr1332 31910   191   296   297   355   323   479   297   206   300   210
Pr1332 31920   220   252   207   207   468   414   558   411   539   388
Pr1332 31930   601   630   942   676   276   364   277   459   404   468
Pr1332 31940   309   279   404   496   645   708   585   780   624   717
Pr1332 31950   653   749  1032   560   468   403   531   620   774   810
Pr1332 31960   717   721   717   588   496   684   405   520   584   522
Pr1332 31970   398   492   431   647   861   524   584   705   913   668
Pr1332 31980   638   615   590   719   905   835   897   682   311   326
Pr1332 31990   386   526   526   774   587   554   708   503   336   761
Pr1332 32000   737   472   617   390   349   411   198   531   517   426
Pr1332 32010   483   395 -9999
Pr1333 21831  1015   952  1012  1899  1393  1423  1001  1174  1085
Pr1333 21840   910   730   837   932   865  1031   919   906   906   623
Pr1333 21850   833   830   702   434   545   580   636   332   473   648
Pr1333 21860   420   478   480   623   454   510   505   779   475   505
Pr1333 21870   563   508   549   587   411   469   465   579   435   462
Pr1333 21880   461   320   347   291   382   556   380   429   398   291
Pr1333 21890   440   318   472   444   327   448   418   538   509   475
Pr1333 21900   506   358   387   268   387   444   415   149   327   149
Pr1333 21910   148   297   327   299   209   360   331   211   301   255
Pr1333 21920   166   271   152   120   334   334   303   487   519   488
Pr1333 21930   922   739   617   684   573   606   405   527   647   618
Pr1333 21940   340   309   434   404   404   372   463   434   311   466
Pr1333 21950   466   591   872   811   529   561   514   668   930  1077
Pr1333 21960   768   504   441   504   535   529   296   416   541   446
Pr1333 21970   343   280   281   313   408   346   330   299   441   599
Pr1333 21980   284   412   380   349   508   603   634   570   317   396
Pr1333 21990   332   412   412   854   698   444   571   508   222   413
Pr1333 22000   460   365   349   317   269   396   238   683   698   794
Pr1333 22010   952   508 -9999
Pr1334 31812  1745  1905  2362  2730  2578  2220  1796  2755
Pr1334 31820  2430  1482  2078  1919  1415  1509  1164  1356  1200   919
Pr1334 31830   887   855   964  1583  1740  1306  1186   940  1069   980
Pr1334 31840  1201  1297  1732  1512  1450  1295  1363  1414   840   603
Pr1334 31850   889   984   952  1077  1206  1143  1143   571   540   794
Pr1334 31860   794   952  1048  1048   825   793   603  1048   317   476
Pr1334 31870   762   540   793   729   602   444   571   793   825  1111
Pr1334 31880   857   667   413   444   317   539   476   571   412   444
Pr1334 31890   730   604   919   603   603  1076   915  1073  1106   983
Pr1334 31900   857   730   571   444   699   635   634   381   540   476
Pr1334 31910   539   983   779   713   570  1077   949   664   854   634
Pr1334 31920   634   634   507   444   666   476   857   794   667   476
Pr1334 31930   603   635   977   943   660   943   440   916   887   253
Pr1334 31940   569   505   567   570   728   791   727   695   599   535
Pr1334 31950   566   689  1124   780   591   654   592   812  1095   719
Pr1334 31960   437   468   531   467   560   685   531   723   758   759
Pr1334 31970   475   760   601   570   603   413   444   540   730   286
Pr1334 31980   381   444   540   540   887   882   735   480   341   451
Pr1334 31990   476   389   664   777   756   568   789   812   460   567
Pr1334 32000   852   602   754   569   442   332   332   778   552   380
Pr1334 32010   539   494 -9999
Pr1335 41817  3461  2539  2799
Pr1335 41820  2223   901  2333  1738  1422  2010  1218  1806  1846  1426
Pr1335 41830  1211  1154   919  1410  1336  1154  1510   984  1087   694
Pr1335 41840   826   763  1011   928   808   867   933   972   726   784
Pr1335 41850   969  1121   773   803  1091  1073  1172   772   945  1080
Pr1335 41860   744   560   746   839   526   526   496   806   465   584
Pr1335 41870   719   563   846   565   471   806   836  1024   713  1118
Pr1335 41880   591   532   500   497   403   532   402   592   528   528
Pr1335 41890   712   555   772   916   733  1299  1027   934   715   650
Pr1335 41900   791   714   558   402   648   768   490   484   677   338
Pr1335 41910   308   552   338   399   371   622   529   342   531   439
Pr1335 41920   438   345   283   409   595   661   785   784   533   439
Pr1335 41930   690   535   536   536   442   584   315   221   457   315
Pr1335 41940   284   379   347   529   405   593   625   657   689   470
Pr1335 41950   566   851  1137  1012   695   599   567   567   721   564
Pr1335 41960   502   409   283   283   346   471   377   408   502   470
Pr1335 41970   345   377   502   502   568   473   441   441   757   474
Pr1335 41980   662   630   599   378   853  1074  1074   791   381   317
Pr1335 41990   381   413   571   794   698   571   667   603   413   698
Pr1335 42000   698   572   698   746   460   571   286   476   508   381
Pr1335 42010   540   492 -9999
Pr1336 41819  3551
Pr1336 41820  3200  1287  1567  2254  1769  1980  1497  1916  2023  1267
Pr1336 41830  1365  1238  1175  1650  1682  1619  1492   825   730   825
Pr1336 41840   951   646  1494   882  1073   979   867   838   789   566
Pr1336 41850   472   756   693  1040   880   970   875   719   875   660
Pr1336 41860   472   503   754   820   540   667   508  1063   461   786
Pr1336 41870   944   816  1103  1008   952   626   627   818   726  1010
Pr1336 41880   758   951   602   698   794   730   794   634   730   857
Pr1336 41890   794   698   824   788   725   980   729   983   853  1045
Pr1336 41900   857   699   587   587   730   698   508   317   635   334
Pr1336 41910   333   476   444   508   286   508   381   317   349   365
Pr1336 41920   237   347   283   507   540   698   667   398   489   409
Pr1336 41930   503   505   787   692   441   567   251   282   439   470
Pr1336 41940   314   315   380   411   476   698   698   889   889   889
Pr1336 41950   825   857  1617  1330  1189  1350  1483  1391  2159  2726
Pr1336 41960  1936   921  1175  1111  1460  1615  1345  1439  1297  1455
Pr1336 41970   696  1108   793  1206  1714  1300  1016  1302  2064  1239
Pr1336 41980  1237   730   667   794  1587  2127  2507  1459   602   412
Pr1336 41990   507   571   760  1110   951   762   603   509   365   826
Pr1336 42000   586   571  1065  1062   589   776   571   952   730   762
Pr1336 42010   508 -9999
Pr1337 41810  2359  1746  2316  2586  3032  2753  2820  2153  1706  2081
Pr1337 41820  1733  1141  1268  1746  1175   952   889  1206  1365  1079
Pr1337 41830  1238   952   825   888  1047   794   889   666   634   602
Pr1337 41840   854   603   697   634   666   697   603   695   888   507
Pr1337 41850   698   635   634   857  1048  1078  1064   428   698   698
Pr1337 41860   540   508   540   602   475   443   492   904   429   523
Pr1337 41870   635   603   666   635   508   525   555   889   667  1126
Pr1337 41880   809   792   507   570   538   822   696   601   444   603
Pr1337 41890   604   475   825   444   540   698   540   508   698   444
Pr1337 41900   540   444   539   508   666   667   507   285   349   190
Pr1337 41910   254   540   508   571   254   603   317   190   381   222
Pr1337 41920   286   413   285   317   507   762  1047   980  1294   887
Pr1337 41930  1552  1298  1143  1079  1110   984   635   825   889   906
Pr1337 41940   650   603   857   825   730   921   889   825   825   698
Pr1337 41950   762  1015  1714  1302  1014   951   855   856   950   966
Pr1337 41960  1025   729   856   602   634   697   444   539   602   539
Pr1337 41970   349   571   538   791   791   664   601   916  1137   758
Pr1337 41980  1294  1041  1013   857  1015  1299  1395  1459   920   730
Pr1337 41990  1047   952  1001  1475  1364   794  1016   684   571  1030
Pr1337 42000   889  1176   937   968   714   619   429   698   602   696
Pr1337 42010   839  1143 -9999
Pr1338 41835  1551  1684  1003  1192   965
Pr1338 41840  1024   923  1393  1600  1399  1387  1392  1457  1558   997
Pr1338 41850  1171  1221  1171   959  1744  1796  1542   913  1393  1367
Pr1338 41860  1218   974  1184  1771  1450  1162   897  1666   867  1054
Pr1338 41870  1429   789  1024  1237   882  1007  1243  1231  1019  1224
Pr1338 41880   984   866   587   589   533   940   783   787   476   631
Pr1338 41890  1045   921  1079   920   888  1018   632   732   856   669
Pr1338 41900   728   698   667   571   698   698   509   380   458   269
Pr1338 41910   379   564   569   409   281   579   534   360   340   388
Pr1338 41920   376   358   295   263   343   363   504   679   631   601
Pr1338 41930   888   824  1143  1002   793  1125   510   681   872   713
Pr1338 41940   585   538   693   796   905   824   698   632   769   673
Pr1338 41950   753   945  1242   893   893   816   561   833   962   847
Pr1338 41960   790   755   709   738   850  1298   779  1106  1061   757
Pr1338 41970   701  1010   778   791   616   445   412   571   632   330
Pr1338 41980   327   311   378   300   406   425   316   158   189   236
Pr1338 41990   253   314   424   360   392   345   346   283   221   394
Pr1338 42000   411   300   251   236   221   221   158   220   236   220
Pr1338 42010   189   189 -9999
Pr1339 41818  1619  2547
Pr1339 41820  2333  1396  2377  1953  1584  1780  1430  1833   810   957
Pr1339 41830  1242  1456   734   962  1153   723   680   524   644   540
Pr1339 41840   764   586   556   520   726   659   840   771   754   419
Pr1339 41850   656   878   821   683   802   901   915   463   526   769
Pr1339 41860   504   535   599   632   479   607   570   842   394   451
Pr1339 41870   668   487   518   644   460   522   491   706   621   741
Pr1339 41880   713   773   557   495   430   675   551   458   429   518
Pr1339 41890   674   677   957   772   679   955   797  1011  1196   890
Pr1339 41900   644   552   429   617   927   964   846   454   515   307
Pr1339 41910   147   393   393   426   395   669   425   336   461   400
Pr1339 41920   370   370   434  1160  1637  1953   864   614   864  1110
Pr1339 41930  1603  1010  1283  1142   462   400   189   210   279   251
Pr1339 41940   155   124   125   187   155   218   156   306   219   402
Pr1339 41950   402  1062  1890  1515  1090  1003   822   945  1343  1411
Pr1339 41960  1225  1022   714   808   929  1102   644   927   969   992
Pr1339 41970   533  1003   820  1041  1609  1137   846  1322  1475   811
Pr1339 41980   811   726  1009  1141  1395  2539  2603  1492   762   857
Pr1339 41990  1270  1048  1556  2261  1517  1269  1111   984   889  1452
Pr1339 42000  1387   946  1366  1033   631   946   535  1013   919   983
Pr1339 42010   856   475 -9999
Pr1340 31813  2777  2772  3204  2518  2412  2058  2551
Pr1340 31820  2504  1273  1629  1634  1355  1332  1041  1583  1365  1017
Pr1340 31830   951  1013  1196  1467  1339   959  1070   989   771   914
Pr1340 31840   775   693   810   763   931  1502  1307  1223   997   656
Pr1340 31850   568   639   718   785  1108  1183  1296   790  1074  1007
Pr1340 31860   675   636   721   813   630   601   672   813   478   815
Pr1340 31870   754   723   779   805   751   826   577   761   455   602
Pr1340 31880   568   542   489   460   338   461   463   463   432   623
Pr1340 31890   638   640   735   463   589   898   915  1149  1246  1119
Pr1340 31900  1053   816   744   630   730  1005   720   599   566   387
Pr1340 31910   243   535   472   440   355   528   547   349   495   348
Pr1340 31920   439   577   433   441   536   567   723   473   505   313
Pr1340 31930   594   754  1191   880   564   626   345   439   408   534
Pr1340 31940   357   284   316   251   251   250   241   468   439   345
Pr1340 31950   352   409   366   344   281   312   345   503   823  1046
Pr1340 31960   951   761   825   761   888   918   412   665   823   887
Pr1340 31970   475   696   762   730   794   730   698   793  1428   921
Pr1340 31980  1460  1427   948   854  1075  1169  1041   695   348   457
Pr1340 31990   495   539   698  1315   984  1029  1108   856   805   780
Pr1340 32000   951   571   762   857   552   622   381   806   620   711
Pr1340 32010   524   489 -9999
